0,-0.053083714
1,-0.059557337
2,-0.055673163
3,-0.05437844
4,-0.056967888
5,-0.053083714
6,-0.060852062
7,-0.05049426
8,-0.059557337
9,-0.055673163
10,-0.056967888
11,-0.059557337
12,-0.053083714
13,-0.062146787
14,-0.051788986
15,-0.058262613
16,-0.05437844
17,-0.05437844
18,-0.059557337
19,-0.051788986
20,-0.060852062
21,-0.05437844
22,-0.056967888
23,-0.058262613
24,-0.053083714
25,-0.058262613
26,-0.055673163
27,-0.056967888
28,-0.055673163
29,-0.055673163
30,-0.056967888
31,-0.056967888
32,-0.05437844
33,-0.056967888
34,-0.055673163
35,-0.056967888
36,-0.05437844
37,-0.056967888
38,-0.055673163
39,-0.055673163
40,-0.05437844
41,-0.056967888
42,-0.055673163
43,-0.055673163
44,-0.055673163
45,-0.05437844
46,-0.056967888
47,-0.05437844
48,-0.055673163
49,-0.055673163
50,-0.056967888
51,-0.055673163
52,-0.055673163
53,-0.055673163
54,-0.056967888
55,-0.056967888
56,-0.05437844
57,-0.055673163
58,-0.055673163
59,-0.055673163
60,-0.055673163
61,-0.05437844
62,-0.055673163
63,-0.05437844
64,-0.05437844
65,-0.05049426
66,-0.058262613
67,-0.049199536
68,-0.055673163
69,-0.053083714
70,-0.053083714
71,-0.056967888
72,-0.049199536
73,-0.055673163
74,-0.051788986
75,-0.053083714
76,-0.056967888
77,-0.049199536
78,-0.058262613
79,-0.051788986
80,-0.053083714
81,-0.058262613
82,-0.049199536
83,-0.058262613
84,-0.051788986
85,-0.059557337
86,-0.058262613
87,-0.04790481
88,-0.058262613
89,-0.05049426
90,-0.055673163
91,-0.055673163
92,-0.05049426
93,-0.058262613
94,-0.05049426
95,-0.053083714
96,-0.05437844
97,-0.053083714
98,-0.055673163
99,-0.053083714
100,-0.051788986
101,-0.053083714
102,-0.053083714
103,-0.05437844
104,-0.051788986
105,-0.05437844
106,-0.05437844
107,-0.05437844
108,-0.05437844
109,-0.053083714
110,-0.05437844
111,-0.053083714
112,-0.053083714
113,-0.053083714
114,-0.053083714
115,-0.05437844
116,-0.053083714
117,-0.05437844
118,-0.05437844
119,-0.053083714
120,-0.05437844
121,-0.053083714
122,-0.055673163
123,-0.053083714
124,-0.053083714
125,-0.053083714
126,-0.053083714
127,-0.053083714
128,-0.056967888
129,-0.05437844
130,-0.055673163
131,-0.055673163
132,-0.053083714
133,-0.058262613
134,-0.05049426
135,-0.058262613
136,-0.05049426
137,-0.056967888
138,-0.05437844
139,-0.053083714
140,-0.058262613
141,-0.05049426
142,-0.062146787
143,-0.05049426
144,-0.058262613
145,-0.05437844
146,-0.053083714
147,-0.058262613
148,-0.04790481
149,-0.060852062
150,-0.049199536
151,-0.056967888
152,-0.05437844
153,-0.053083714
154,-0.059557337
155,-0.049199536
156,-0.059557337
157,-0.05049426
158,-0.056967888
159,-0.051788986
160,-0.055673163
161,-0.05049426
162,-0.055673163
163,-0.053083714
164,-0.053083714
165,-0.055673163
166,-0.053083714
167,-0.05437844
168,-0.051788986
169,-0.053083714
170,-0.053083714
171,-0.051788986
172,-0.05437844
173,-0.053083714
174,-0.05437844
175,-0.053083714
176,-0.053083714
177,-0.05437844
178,-0.053083714
179,-0.051788986
180,-0.05437844
181,-0.058262613
182,-0.05437844
183,-0.051788986
184,-0.053083714
185,-0.053083714
186,-0.05437844
187,-0.051788986
188,-0.053083714
189,-0.05437844
190,-0.053083714
191,-0.051788986
192,-0.05049426
193,-0.053083714
194,-0.051788986
195,-0.051788986
196,-0.051788986
197,-0.049199536
198,-0.05437844
199,-0.04790481
200,-0.05437844
201,-0.05049426
202,-0.053083714
203,-0.05049426
204,-0.053083714
205,-0.05049426
206,-0.051788986
207,-0.051788986
208,-0.051788986
209,-0.051788986
210,-0.051788986
211,-0.051788986
212,-0.05049426
213,-0.053083714
214,-0.051788986
215,-0.051788986
216,-0.051788986
217,-0.051788986
218,-0.051788986
219,-0.05049426
220,-0.05049426
221,-0.051788986
222,-0.051788986
223,-0.051788986
224,-0.049199536
225,-0.055673163
226,-0.051788986
227,-0.053083714
228,-0.053083714
229,-0.051788986
230,-0.05437844
231,-0.051788986
232,-0.051788986
233,-0.053083714
234,-0.05049426
235,-0.053083714
236,-0.051788986
237,-0.053083714
238,-0.05437844
239,-0.053083714
240,-0.053083714
241,-0.053083714
242,-0.053083714
243,-0.053083714
244,-0.05049426
245,-0.053083714
246,-0.053083714
247,-0.05049426
248,-0.051788986
249,-0.051788986
250,-0.053083714
251,-0.053083714
252,-0.051788986
253,-0.053083714
254,-0.053083714
255,-0.051788986
256,-0.053083714
257,-0.053083714
258,-0.05437844
259,-0.051788986
260,-0.053083714
261,-0.05437844
262,-0.053083714
263,-0.051788986
264,-0.053083714
265,-0.05437844
266,-0.051788986
267,-0.053083714
268,-0.053083714
269,-0.053083714
270,-0.053083714
271,-0.053083714
272,-0.053083714
273,-0.05437844
274,-0.053083714
275,-0.053083714
276,-0.053083714
277,-0.059557337
278,-0.051788986
279,-0.053083714
280,-0.053083714
281,-0.053083714
282,-0.053083714
283,-0.051788986
284,-0.053083714
285,-0.053083714
286,-0.053083714
287,-0.05049426
288,-0.053083714
289,-0.05049426
290,-0.051788986
291,-0.05049426
292,-0.051788986
293,-0.053083714
294,-0.05049426
295,-0.051788986
296,-0.053083714
297,-0.05049426
298,-0.053083714
299,-0.049199536
300,-0.051788986
301,-0.051788986
302,-0.049199536
303,-0.051788986
304,-0.05049426
305,-0.053083714
306,-0.05049426
307,-0.05049426
308,-0.053083714
309,-0.051788986
310,-0.05049426
311,-0.051788986
312,-0.051788986
313,-0.051788986
314,-0.049199536
315,-0.05049426
316,-0.051788986
317,-0.05049426
318,-0.05049426
319,-0.04790481
320,-0.051788986
321,-0.05049426
322,-0.05049426
323,-0.051788986
324,-0.05049426
325,-0.051788986
326,-0.04790481
327,-0.05049426
328,-0.049199536
329,-0.05049426
330,-0.049199536
331,-0.04790481
332,-0.05049426
333,-0.051788986
334,-0.05049426
335,-0.05049426
336,-0.049199536
337,-0.05049426
338,-0.05049426
339,-0.04790481
340,-0.05049426
341,-0.049199536
342,-0.05049426
343,-0.05049426
344,-0.05049426
345,-0.05049426
346,-0.049199536
347,-0.05049426
348,-0.051788986
349,-0.051788986
350,-0.049199536
351,-0.05049426
352,-0.049199536
353,-0.049199536
354,-0.051788986
355,-0.049199536
356,-0.051788986
357,-0.051788986
358,-0.051788986
359,-0.05049426
360,-0.051788986
361,-0.05049426
362,-0.051788986
363,-0.05049426
364,-0.05049426
365,-0.051788986
366,-0.05049426
367,-0.05049426
368,-0.051788986
369,-0.051788986
370,-0.051788986
371,-0.051788986
372,-0.053083714
373,-0.056967888
374,-0.05049426
375,-0.05049426
376,-0.05049426
377,-0.05049426
378,-0.05049426
379,-0.05049426
380,-0.053083714
381,-0.051788986
382,-0.05049426
383,-0.05049426
384,-0.05049426
385,-0.051788986
386,-0.049199536
387,-0.053083714
388,-0.05049426
389,-0.051788986
390,-0.053083714
391,-0.04790481
392,-0.05437844
393,-0.05049426
394,-0.05049426
395,-0.053083714
396,-0.049199536
397,-0.053083714
398,-0.049199536
399,-0.049199536
400,-0.053083714
401,-0.049199536
402,-0.053083714
403,-0.05049426
404,-0.05049426
405,-0.053083714
406,-0.049199536
407,-0.051788986
408,-0.05049426
409,-0.051788986
410,-0.051788986
411,-0.049199536
412,-0.051788986
413,-0.049199536
414,-0.051788986
415,-0.049199536
416,-0.05049426
417,-0.04790481
418,-0.049199536
419,-0.049199536
420,-0.049199536
421,-0.04790481
422,-0.04790481
423,-0.049199536
424,-0.04790481
425,-0.049199536
426,-0.04790481
427,-0.049199536
428,-0.05049426
429,-0.049199536
430,-0.049199536
431,-0.049199536
432,-0.04790481
433,-0.049199536
434,-0.04790481
435,-0.05049426
436,-0.04790481
437,-0.049199536
438,-0.049199536
439,-0.049199536
440,-0.05049426
441,-0.04790481
442,-0.049199536
443,-0.049199536
444,-0.049199536
445,-0.04790481
446,-0.04790481
447,-0.046610087
448,-0.049199536
449,-0.04790481
450,-0.046610087
451,-0.049199536
452,-0.049199536
453,-0.049199536
454,-0.049199536
455,-0.046610087
456,-0.051788986
457,-0.04790481
458,-0.04790481
459,-0.049199536
460,-0.045315363
461,-0.051788986
462,-0.045315363
463,-0.049199536
464,-0.049199536
465,-0.046610087
466,-0.05049426
467,-0.046610087
468,-0.051788986
469,-0.05437844
470,-0.046610087
471,-0.05049426
472,-0.045315363
473,-0.049199536
474,-0.046610087
475,-0.046610087
476,-0.051788986
477,-0.046610087
478,-0.05049426
479,-0.045315363
480,-0.051788986
481,-0.049199536
482,-0.044020638
483,-0.055673163
484,-0.04143119
485,-0.056967888
486,-0.04143119
487,-0.053083714
488,-0.05049426
489,-0.046610087
490,-0.05437844
491,-0.044020638
492,-0.056967888
493,-0.045315363
494,-0.051788986
495,-0.05049426
496,-0.046610087
497,-0.053083714
498,-0.044020638
499,-0.05437844
500,-0.046610087
501,-0.05049426
502,-0.05049426
503,-0.046610087
504,-0.055673163
505,-0.044020638
506,-0.05437844
507,-0.046610087
508,-0.05049426
509,-0.051788986
510,-0.045315363
511,-0.049199536
512,-0.051788986
513,-0.04790481
514,-0.049199536
515,-0.04790481
516,-0.049199536
517,-0.049199536
518,-0.04790481
519,-0.05049426
520,-0.04790481
521,-0.05049426
522,-0.049199536
523,-0.05049426
524,-0.05049426
525,-0.049199536
526,-0.05049426
527,-0.04790481
528,-0.049199536
529,-0.04790481
530,-0.049199536
531,-0.04790481
532,-0.049199536
533,-0.049199536
534,-0.05049426
535,-0.049199536
536,-0.051788986
537,-0.049199536
538,-0.049199536
539,-0.049199536
540,-0.049199536
541,-0.049199536
542,-0.04790481
543,-0.046610087
544,-0.046610087
545,-0.04790481
546,-0.045315363
547,-0.049199536
548,-0.045315363
549,-0.04790481
550,-0.04790481
551,-0.045315363
552,-0.04790481
553,-0.045315363
554,-0.046610087
555,-0.04790481
556,-0.045315363
557,-0.04790481
558,-0.046610087
559,-0.04790481
560,-0.049199536
561,-0.044020638
562,-0.049199536
563,-0.045315363
564,-0.049199536
565,-0.053083714
566,-0.04143119
567,-0.05049426
568,-0.044020638
569,-0.04790481
570,-0.05049426
571,-0.04143119
572,-0.053083714
573,-0.044020638
574,-0.04790481
575,-0.04790481
576,-0.04790481
577,-0.046610087
578,-0.046610087
579,-0.046610087
580,-0.046610087
581,-0.04790481
582,-0.045315363
583,-0.04790481
584,-0.046610087
585,-0.046610087
586,-0.046610087
587,-0.04790481
588,-0.04790481
589,-0.045315363
590,-0.04790481
591,-0.046610087
592,-0.046610087
593,-0.046610087
594,-0.045315363
595,-0.04790481
596,-0.04790481
597,-0.046610087
598,-0.04790481
599,-0.04790481
600,-0.04790481
601,-0.045315363
602,-0.04790481
603,-0.045315363
604,-0.046610087
605,-0.046610087
606,-0.045315363
607,-0.046610087
608,-0.049199536
609,-0.051788986
610,-0.044020638
611,-0.05437844
612,-0.044020638
613,-0.05049426
614,-0.04790481
615,-0.045315363
616,-0.051788986
617,-0.042725913
618,-0.051788986
619,-0.046610087
620,-0.049199536
621,-0.05049426
622,-0.045315363
623,-0.053083714
624,-0.045315363
625,-0.049199536
626,-0.049199536
627,-0.046610087
628,-0.05049426
629,-0.045315363
630,-0.049199536
631,-0.049199536
632,-0.046610087
633,-0.051788986
634,-0.045315363
635,-0.051788986
636,-0.046610087
637,-0.046610087
638,-0.05049426
639,-0.046610087
640,-0.04790481
641,-0.045315363
642,-0.046610087
643,-0.04790481
644,-0.04790481
645,-0.04790481
646,-0.04790481
647,-0.046610087
648,-0.04790481
649,-0.044020638
650,-0.046610087
651,-0.045315363
652,-0.04790481
653,-0.04790481
654,-0.04790481
655,-0.049199536
656,-0.046610087
657,-0.04790481
658,-0.045315363
659,-0.04790481
660,-0.04790481
661,-0.05049426
662,-0.046610087
663,-0.046610087
664,-0.046610087
665,-0.046610087
666,-0.04790481
667,-0.04790481
668,-0.046610087
669,-0.049199536
670,-0.045315363
671,-0.044020638
672,-0.04790481
673,-0.044020638
674,-0.045315363
675,-0.044020638
676,-0.045315363
677,-0.044020638
678,-0.046610087
679,-0.045315363
680,-0.046610087
681,-0.045315363
682,-0.046610087
683,-0.046610087
684,-0.045315363
685,-0.045315363
686,-0.045315363
687,-0.045315363
688,-0.045315363
689,-0.045315363
690,-0.045315363
691,-0.045315363
692,-0.045315363
693,-0.046610087
694,-0.046610087
695,-0.045315363
696,-0.046610087
697,-0.044020638
698,-0.045315363
699,-0.044020638
700,-0.045315363
701,-0.044020638
702,-0.045315363
703,-0.045315363
704,-0.046610087
705,-0.046610087
706,-0.044020638
707,-0.04790481
708,-0.046610087
709,-0.045315363
710,-0.046610087
711,-0.045315363
712,-0.046610087
713,-0.044020638
714,-0.044020638
715,-0.04790481
716,-0.045315363
717,-0.046610087
718,-0.044020638
719,-0.04790481
720,-0.046610087
721,-0.045315363
722,-0.046610087
723,-0.045315363
724,-0.045315363
725,-0.045315363
726,-0.045315363
727,-0.045315363
728,-0.046610087
729,-0.045315363
730,-0.046610087
731,-0.046610087
732,-0.046610087
733,-0.046610087
734,-0.045315363
735,-0.046610087
736,-0.046610087
737,-0.046610087
738,-0.049199536
739,-0.04790481
740,-0.04790481
741,-0.04790481
742,-0.046610087
743,-0.046610087
744,-0.044020638
745,-0.045315363
746,-0.046610087
747,-0.046610087
748,-0.046610087
749,-0.046610087
750,-0.046610087
751,-0.04790481
752,-0.046610087
753,-0.046610087
754,-0.046610087
755,-0.046610087
756,-0.049199536
757,-0.05049426
758,-0.045315363
759,-0.046610087
760,-0.046610087
761,-0.046610087
762,-0.04790481
763,-0.04790481
764,-0.046610087
765,-0.046610087
766,-0.046610087
767,-0.046610087
768,-0.045315363
769,-0.042725913
770,-0.045315363
771,-0.045315363
772,-0.044020638
773,-0.044020638
774,-0.044020638
775,-0.04790481
776,-0.044020638
777,-0.045315363
778,-0.045315363
779,-0.045315363
780,-0.044020638
781,-0.044020638
782,-0.044020638
783,-0.046610087
784,-0.042725913
785,-0.045315363
786,-0.045315363
787,-0.044020638
788,-0.046610087
789,-0.042725913
790,-0.046610087
791,-0.044020638
792,-0.045315363
793,-0.044020638
794,-0.045315363
795,-0.046610087
796,-0.044020638
797,-0.045315363
798,-0.046610087
799,-0.045315363
800,-0.042725913
801,-0.044020638
802,-0.044020638
803,-0.045315363
804,-0.042725913
805,-0.044020638
806,-0.045315363
807,-0.042725913
808,-0.044020638
809,-0.04143119
810,-0.045315363
811,-0.044020638
812,-0.042725913
813,-0.045315363
814,-0.042725913
815,-0.04790481
816,-0.04143119
817,-0.045315363
818,-0.044020638
819,-0.042725913
820,-0.045315363
821,-0.04143119
822,-0.046610087
823,-0.04143119
824,-0.044020638
825,-0.044020638
826,-0.042725913
827,-0.046610087
828,-0.040136464
829,-0.045315363
830,-0.044020638
831,-0.044020638
832,-0.045315363
833,-0.044020638
834,-0.045315363
835,-0.045315363
836,-0.045315363
837,-0.044020638
838,-0.046610087
839,-0.044020638
840,-0.046610087
841,-0.042725913
842,-0.044020638
843,-0.045315363
844,-0.045315363
845,-0.044020638
846,-0.046610087
847,-0.044020638
848,-0.045315363
849,-0.044020638
850,-0.045315363
851,-0.044020638
852,-0.04790481
853,-0.049199536
854,-0.044020638
855,-0.045315363
856,-0.044020638
857,-0.045315363
858,-0.045315363
859,-0.045315363
860,-0.045315363
861,-0.045315363
862,-0.045315363
863,-0.045315363
864,-0.042725913
865,-0.044020638
866,-0.044020638
867,-0.042725913
868,-0.045315363
869,-0.042725913
870,-0.04790481
871,-0.045315363
872,-0.044020638
873,-0.046610087
874,-0.042725913
875,-0.04790481
876,-0.04143119
877,-0.044020638
878,-0.045315363
879,-0.044020638
880,-0.046610087
881,-0.042725913
882,-0.045315363
883,-0.045315363
884,-0.044020638
885,-0.046610087
886,-0.045315363
887,-0.044020638
888,-0.045315363
889,-0.04143119
890,-0.046610087
891,-0.044020638
892,-0.044020638
893,-0.045315363
894,-0.044020638
895,-0.042725913
896,-0.044020638
897,-0.04143119
898,-0.044020638
899,-0.042725913
900,-0.042725913
901,-0.044020638
902,-0.04143119
903,-0.044020638
904,-0.042725913
905,-0.042725913
906,-0.042725913
907,-0.04143119
908,-0.044020638
909,-0.042725913
910,-0.042725913
911,-0.042725913
912,-0.04143119
913,-0.042725913
914,-0.04143119
915,-0.042725913
916,-0.04143119
917,-0.044020638
918,-0.042725913
919,-0.042725913
920,-0.042725913
921,-0.042725913
922,-0.042725913
923,-0.042725913
924,-0.042725913
925,-0.042725913
926,-0.042725913
927,-0.044020638
928,-0.03884174
929,-0.044020638
930,-0.04143119
931,-0.042725913
932,-0.04143119
933,-0.040136464
934,-0.045315363
935,-0.04143119
936,-0.044020638
937,-0.042725913
938,-0.04143119
939,-0.044020638
940,-0.037547015
941,-0.044020638
942,-0.042725913
943,-0.04143119
944,-0.044020638
945,-0.03884174
946,-0.045315363
947,-0.04143119
948,-0.044020638
949,-0.046610087
950,-0.040136464
951,-0.046610087
952,-0.03884174
953,-0.042725913
954,-0.04143119
955,-0.04143119
956,-0.042725913
957,-0.04143119
958,-0.044020638
959,-0.044020638
960,-0.04143119
961,-0.044020638
962,-0.042725913
963,-0.04143119
964,-0.045315363
965,-0.040136464
966,-0.046610087
967,-0.04143119
968,-0.044020638
969,-0.044020638
970,-0.04143119
971,-0.04790481
972,-0.03884174
973,-0.046610087
974,-0.04143119
975,-0.04143119
976,-0.046610087
977,-0.03884174
978,-0.049199536
979,-0.03884174
980,-0.046610087
981,-0.045315363
982,-0.040136464
983,-0.04790481
984,-0.03625229
985,-0.04790481
986,-0.04143119
987,-0.042725913
988,-0.046610087
989,-0.037547015
990,-0.049199536
991,-0.044020638
992,-0.042725913
993,-0.042725913
994,-0.042725913
995,-0.04143119
996,-0.042725913
997,-0.04143119
998,-0.042725913
999,-0.04143119
1000,-0.042725913
1001,-0.042725913
1002,-0.044020638
1003,-0.04143119
1004,-0.044020638
1005,-0.04143119
1006,-0.044020638
1007,-0.042725913
1008,-0.04143119
1009,-0.044020638
1010,-0.04143119
1011,-0.042725913
1012,-0.040136464
1013,-0.044020638
1014,-0.044020638
1015,-0.044020638
1016,-0.042725913
1017,-0.042725913
1018,-0.044020638
1019,-0.042725913
1020,-0.04143119
1021,-0.04143119
1022,-0.042725913
1023,-0.040136464
1024,-0.03625229
1025,-0.049199536
1026,-0.032368116
1027,-0.04790481
1028,-0.03884174
1029,-0.03884174
1030,-0.04790481
1031,-0.03366284
1032,-0.049199536
1033,-0.037547015
1034,-0.040136464
1035,-0.045315363
1036,-0.034957565
1037,-0.046610087
1038,-0.03884174
1039,-0.040136464
1040,-0.045315363
1041,-0.037547015
1042,-0.044020638
1043,-0.04143119
1044,-0.04143119
1045,-0.046610087
1046,-0.03884174
1047,-0.04143119
1048,-0.042725913
1049,-0.037547015
1050,-0.042725913
1051,-0.04143119
1052,-0.03625229
1053,-0.046610087
1054,-0.037547015
1055,-0.03884174
1056,-0.04143119
1057,-0.040136464
1058,-0.04143119
1059,-0.03884174
1060,-0.040136464
1061,-0.04143119
1062,-0.040136464
1063,-0.04143119
1064,-0.040136464
1065,-0.042725913
1066,-0.04143119
1067,-0.040136464
1068,-0.04143119
1069,-0.042725913
1070,-0.04143119
1071,-0.040136464
1072,-0.040136464
1073,-0.042725913
1074,-0.040136464
1075,-0.04143119
1076,-0.040136464
1077,-0.042725913
1078,-0.042725913
1079,-0.03884174
1080,-0.042725913
1081,-0.040136464
1082,-0.040136464
1083,-0.040136464
1084,-0.04143119
1085,-0.04143119
1086,-0.040136464
1087,-0.042725913
1088,-0.042725913
1089,-0.042725913
1090,-0.042725913
1091,-0.040136464
1092,-0.044020638
1093,-0.040136464
1094,-0.042725913
1095,-0.04143119
1096,-0.04143119
1097,-0.045315363
1098,-0.03884174
1099,-0.045315363
1100,-0.040136464
1101,-0.042725913
1102,-0.042725913
1103,-0.03884174
1104,-0.046610087
1105,-0.037547015
1106,-0.045315363
1107,-0.04143119
1108,-0.040136464
1109,-0.046610087
1110,-0.037547015
1111,-0.04790481
1112,-0.03884174
1113,-0.045315363
1114,-0.042725913
1115,-0.037547015
1116,-0.04790481
1117,-0.03625229
1118,-0.04790481
1119,-0.04143119
1120,-0.040136464
1121,-0.040136464
1122,-0.04143119
1123,-0.04143119
1124,-0.04143119
1125,-0.042725913
1126,-0.040136464
1127,-0.042725913
1128,-0.03884174
1129,-0.04143119
1130,-0.040136464
1131,-0.03884174
1132,-0.042725913
1133,-0.04143119
1134,-0.042725913
1135,-0.040136464
1136,-0.04143119
1137,-0.042725913
1138,-0.03884174
1139,-0.042725913
1140,-0.044020638
1141,-0.042725913
1142,-0.040136464
1143,-0.03884174
1144,-0.042725913
1145,-0.03884174
1146,-0.04143119
1147,-0.04143119
1148,-0.03884174
1149,-0.044020638
1150,-0.03884174
1151,-0.04143119
1152,-0.03625229
1153,-0.044020638
1154,-0.03366284
1155,-0.044020638
1156,-0.03625229
1157,-0.042725913
1158,-0.03625229
1159,-0.040136464
1160,-0.040136464
1161,-0.037547015
1162,-0.040136464
1163,-0.03884174
1164,-0.040136464
1165,-0.03884174
1166,-0.040136464
1167,-0.040136464
1168,-0.037547015
1169,-0.040136464
1170,-0.037547015
1171,-0.04143119
1172,-0.037547015
1173,-0.04143119
1174,-0.037547015
1175,-0.04143119
1176,-0.037547015
1177,-0.04143119
1178,-0.037547015
1179,-0.040136464
1180,-0.03884174
1181,-0.040136464
1182,-0.037547015
1183,-0.040136464
1184,-0.040136464
1185,-0.04143119
1186,-0.03884174
1187,-0.040136464
1188,-0.040136464
1189,-0.040136464
1190,-0.040136464
1191,-0.03884174
1192,-0.03884174
1193,-0.040136464
1194,-0.040136464
1195,-0.040136464
1196,-0.03884174
1197,-0.040136464
1198,-0.04143119
1199,-0.037547015
1200,-0.04143119
1201,-0.03884174
1202,-0.040136464
1203,-0.040136464
1204,-0.03884174
1205,-0.042725913
1206,-0.03884174
1207,-0.040136464
1208,-0.040136464
1209,-0.040136464
1210,-0.040136464
1211,-0.03884174
1212,-0.03884174
1213,-0.04143119
1214,-0.040136464
1215,-0.040136464
1216,-0.040136464
1217,-0.04143119
1218,-0.042725913
1219,-0.04143119
1220,-0.040136464
1221,-0.042725913
1222,-0.04143119
1223,-0.040136464
1224,-0.040136464
1225,-0.04143119
1226,-0.040136464
1227,-0.03884174
1228,-0.04143119
1229,-0.04143119
1230,-0.04143119
1231,-0.04143119
1232,-0.04143119
1233,-0.042725913
1234,-0.03884174
1235,-0.04143119
1236,-0.045315363
1237,-0.04143119
1238,-0.040136464
1239,-0.040136464
1240,-0.04143119
1241,-0.04143119
1242,-0.040136464
1243,-0.04143119
1244,-0.04143119
1245,-0.044020638
1246,-0.040136464
1247,-0.03884174
1248,-0.040136464
1249,-0.03884174
1250,-0.03884174
1251,-0.03884174
1252,-0.04143119
1253,-0.03884174
1254,-0.040136464
1255,-0.037547015
1256,-0.040136464
1257,-0.040136464
1258,-0.037547015
1259,-0.03884174
1260,-0.037547015
1261,-0.040136464
1262,-0.03884174
1263,-0.037547015
1264,-0.040136464
1265,-0.03884174
1266,-0.03884174
1267,-0.03884174
1268,-0.03884174
1269,-0.040136464
1270,-0.037547015
1271,-0.03884174
1272,-0.040136464
1273,-0.03884174
1274,-0.037547015
1275,-0.03884174
1276,-0.040136464
1277,-0.03884174
1278,-0.03884174
1279,-0.03884174
1280,-0.03884174
1281,-0.037547015
1282,-0.03625229
1283,-0.037547015
1284,-0.037547015
1285,-0.03884174
1286,-0.037547015
1287,-0.037547015
1288,-0.03884174
1289,-0.037547015
1290,-0.037547015
1291,-0.037547015
1292,-0.03884174
1293,-0.03884174
1294,-0.03625229
1295,-0.03884174
1296,-0.037547015
1297,-0.037547015
1298,-0.037547015
1299,-0.037547015
1300,-0.03884174
1301,-0.037547015
1302,-0.03884174
1303,-0.037547015
1304,-0.03884174
1305,-0.03884174
1306,-0.03625229
1307,-0.037547015
1308,-0.037547015
1309,-0.03884174
1310,-0.03884174
1311,-0.03625229
1312,-0.040136464
1313,-0.03884174
1314,-0.03884174
1315,-0.040136464
1316,-0.037547015
1317,-0.040136464
1318,-0.037547015
1319,-0.03884174
1320,-0.03884174
1321,-0.03884174
1322,-0.03884174
1323,-0.037547015
1324,-0.040136464
1325,-0.03884174
1326,-0.037547015
1327,-0.040136464
1328,-0.040136464
1329,-0.037547015
1330,-0.040136464
1331,-0.03884174
1332,-0.044020638
1333,-0.03884174
1334,-0.037547015
1335,-0.040136464
1336,-0.03884174
1337,-0.03884174
1338,-0.03884174
1339,-0.03884174
1340,-0.040136464
1341,-0.03884174
1342,-0.03884174
1343,-0.040136464
1344,-0.03884174
1345,-0.03884174
1346,-0.037547015
1347,-0.037547015
1348,-0.040136464
1349,-0.03884174
1350,-0.040136464
1351,-0.03884174
1352,-0.04143119
1353,-0.03884174
1354,-0.03884174
1355,-0.040136464
1356,-0.03625229
1357,-0.04143119
1358,-0.03625229
1359,-0.040136464
1360,-0.040136464
1361,-0.037547015
1362,-0.04143119
1363,-0.037547015
1364,-0.040136464
1365,-0.04143119
1366,-0.03625229
1367,-0.04143119
1368,-0.037547015
1369,-0.03884174
1370,-0.040136464
1371,-0.03625229
1372,-0.04143119
1373,-0.037547015
1374,-0.03884174
1375,-0.037547015
1376,-0.037547015
1377,-0.034957565
1378,-0.037547015
1379,-0.03625229
1380,-0.03625229
1381,-0.037547015
1382,-0.03625229
1383,-0.037547015
1384,-0.03625229
1385,-0.03625229
1386,-0.037547015
1387,-0.03625229
1388,-0.03884174
1389,-0.034957565
1390,-0.03625229
1391,-0.037547015
1392,-0.037547015
1393,-0.037547015
1394,-0.03625229
1395,-0.03884174
1396,-0.03625229
1397,-0.037547015
1398,-0.03625229
1399,-0.03625229
1400,-0.03625229
1401,-0.03625229
1402,-0.03625229
1403,-0.03625229
1404,-0.03625229
1405,-0.03625229
1406,-0.03625229
1407,-0.037547015
1408,-0.037547015
1409,-0.037547015
1410,-0.034957565
1411,-0.037547015
1412,-0.03625229
1413,-0.034957565
1414,-0.037547015
1415,-0.03366284
1416,-0.03884174
1417,-0.034957565
1418,-0.03625229
1419,-0.040136464
1420,-0.03625229
1421,-0.03884174
1422,-0.03625229
1423,-0.03625229
1424,-0.03884174
1425,-0.034957565
1426,-0.03625229
1427,-0.037547015
1428,-0.04143119
1429,-0.037547015
1430,-0.034957565
1431,-0.03884174
1432,-0.03625229
1433,-0.037547015
1434,-0.03625229
1435,-0.034957565
1436,-0.03884174
1437,-0.03366284
1438,-0.037547015
1439,-0.03625229
1440,-0.040136464
1441,-0.034957565
1442,-0.040136464
1443,-0.03625229
1444,-0.040136464
1445,-0.03625229
1446,-0.03884174
1447,-0.03884174
1448,-0.03625229
1449,-0.040136464
1450,-0.034957565
1451,-0.040136464
1452,-0.03625229
1453,-0.03625229
1454,-0.03884174
1455,-0.034957565
1456,-0.04143119
1457,-0.034957565
1458,-0.03884174
1459,-0.03884174
1460,-0.034957565
1461,-0.04143119
1462,-0.03366284
1463,-0.040136464
1464,-0.037547015
1465,-0.034957565
1466,-0.04143119
1467,-0.03366284
1468,-0.04143119
1469,-0.037547015
1470,-0.03625229
1471,-0.037547015
1472,-0.037547015
1473,-0.037547015
1474,-0.037547015
1475,-0.03625229
1476,-0.037547015
1477,-0.037547015
1478,-0.037547015
1479,-0.03625229
1480,-0.037547015
1481,-0.03884174
1482,-0.037547015
1483,-0.037547015
1484,-0.037547015
1485,-0.037547015
1486,-0.034957565
1487,-0.03625229
1488,-0.037547015
1489,-0.03625229
1490,-0.03625229
1491,-0.037547015
1492,-0.037547015
1493,-0.037547015
1494,-0.03625229
1495,-0.037547015
1496,-0.037547015
1497,-0.03625229
1498,-0.037547015
1499,-0.037547015
1500,-0.037547015
1501,-0.03625229
1502,-0.034957565
1503,-0.03884174
1504,-0.03366284
1505,-0.03625229
1506,-0.03625229
1507,-0.032368116
1508,-0.03884174
1509,-0.031073393
1510,-0.03625229
1511,-0.037547015
1512,-0.032368116
1513,-0.04143119
1514,-0.029778669
1515,-0.03884174
1516,-0.03625229
1517,-0.031073393
1518,-0.040136464
1519,-0.029778669
1520,-0.037547015
1521,-0.034957565
1522,-0.031073393
1523,-0.04143119
1524,-0.03625229
1525,-0.03884174
1526,-0.034957565
1527,-0.03366284
1528,-0.040136464
1529,-0.031073393
1530,-0.037547015
1531,-0.034957565
1532,-0.032368116
1533,-0.037547015
1534,-0.031073393
1535,-0.034957565
1536,-0.03625229
1537,-0.03366284
1538,-0.03625229
1539,-0.03625229
1540,-0.034957565
1541,-0.03625229
1542,-0.034957565
1543,-0.037547015
1544,-0.034957565
1545,-0.034957565
1546,-0.034957565
1547,-0.034957565
1548,-0.03625229
1549,-0.03366284
1550,-0.03625229
1551,-0.03625229
1552,-0.034957565
1553,-0.03625229
1554,-0.034957565
1555,-0.03625229
1556,-0.034957565
1557,-0.034957565
1558,-0.034957565
1559,-0.03625229
1560,-0.034957565
1561,-0.03366284
1562,-0.034957565
1563,-0.03625229
1564,-0.034957565
1565,-0.034957565
1566,-0.034957565
1567,-0.037547015
1568,-0.034957565
1569,-0.040136464
1570,-0.032368116
1571,-0.040136464
1572,-0.03625229
1573,-0.03366284
1574,-0.040136464
1575,-0.03366284
1576,-0.03884174
1577,-0.037547015
1578,-0.034957565
1579,-0.04143119
1580,-0.034957565
1581,-0.037547015
1582,-0.03884174
1583,-0.032368116
1584,-0.040136464
1585,-0.032368116
1586,-0.040136464
1587,-0.037547015
1588,-0.032368116
1589,-0.042725913
1590,-0.032368116
1591,-0.04143119
1592,-0.034957565
1593,-0.03625229
1594,-0.03884174
1595,-0.032368116
1596,-0.040136464
1597,-0.031073393
1598,-0.03884174
1599,-0.03625229
1600,-0.034957565
1601,-0.034957565
1602,-0.034957565
1603,-0.03625229
1604,-0.03366284
1605,-0.03366284
1606,-0.03625229
1607,-0.034957565
1608,-0.03625229
1609,-0.03366284
1610,-0.037547015
1611,-0.034957565
1612,-0.03625229
1613,-0.03625229
1614,-0.034957565
1615,-0.03625229
1616,-0.03366284
1617,-0.03625229
1618,-0.034957565
1619,-0.037547015
1620,-0.040136464
1621,-0.034957565
1622,-0.037547015
1623,-0.034957565
1624,-0.03625229
1625,-0.034957565
1626,-0.034957565
1627,-0.037547015
1628,-0.03366284
1629,-0.034957565
1630,-0.034957565
1631,-0.03625229
1632,-0.032368116
1633,-0.03625229
1634,-0.03366284
1635,-0.03625229
1636,-0.03366284
1637,-0.03366284
1638,-0.03625229
1639,-0.031073393
1640,-0.037547015
1641,-0.031073393
1642,-0.03625229
1643,-0.032368116
1644,-0.03366284
1645,-0.03366284
1646,-0.034957565
1647,-0.034957565
1648,-0.03366284
1649,-0.03366284
1650,-0.034957565
1651,-0.032368116
1652,-0.034957565
1653,-0.031073393
1654,-0.03625229
1655,-0.032368116
1656,-0.034957565
1657,-0.032368116
1658,-0.03625229
1659,-0.032368116
1660,-0.034957565
1661,-0.03366284
1662,-0.034957565
1663,-0.037547015
1664,-0.03366284
1665,-0.034957565
1666,-0.03625229
1667,-0.03366284
1668,-0.034957565
1669,-0.03366284
1670,-0.03366284
1671,-0.03625229
1672,-0.03366284
1673,-0.03625229
1674,-0.03625229
1675,-0.03366284
1676,-0.03625229
1677,-0.03366284
1678,-0.034957565
1679,-0.034957565
1680,-0.03366284
1681,-0.03366284
1682,-0.034957565
1683,-0.03366284
1684,-0.034957565
1685,-0.034957565
1686,-0.034957565
1687,-0.034957565
1688,-0.03625229
1689,-0.03366284
1690,-0.034957565
1691,-0.03366284
1692,-0.03366284
1693,-0.034957565
1694,-0.032368116
1695,-0.034957565
1696,-0.03625229
1697,-0.034957565
1698,-0.03625229
1699,-0.03366284
1700,-0.03625229
1701,-0.037547015
1702,-0.034957565
1703,-0.034957565
1704,-0.03625229
1705,-0.03625229
1706,-0.034957565
1707,-0.034957565
1708,-0.03625229
1709,-0.034957565
1710,-0.03625229
1711,-0.03625229
1712,-0.034957565
1713,-0.03625229
1714,-0.034957565
1715,-0.03884174
1716,-0.040136464
1717,-0.034957565
1718,-0.037547015
1719,-0.034957565
1720,-0.037547015
1721,-0.03366284
1722,-0.03884174
1723,-0.034957565
1724,-0.034957565
1725,-0.03625229
1726,-0.03625229
1727,-0.034957565
1728,-0.03366284
1729,-0.032368116
1730,-0.03625229
1731,-0.03366284
1732,-0.034957565
1733,-0.034957565
1734,-0.03366284
1735,-0.03625229
1736,-0.032368116
1737,-0.03366284
1738,-0.034957565
1739,-0.032368116
1740,-0.034957565
1741,-0.032368116
1742,-0.034957565
1743,-0.03625229
1744,-0.032368116
1745,-0.034957565
1746,-0.03366284
1747,-0.034957565
1748,-0.03366284
1749,-0.031073393
1750,-0.03625229
1751,-0.03366284
1752,-0.032368116
1753,-0.034957565
1754,-0.03366284
1755,-0.03625229
1756,-0.03366284
1757,-0.03366284
1758,-0.03625229
1759,-0.03366284
1760,-0.031073393
1761,-0.03366284
1762,-0.032368116
1763,-0.03366284
1764,-0.031073393
1765,-0.03366284
1766,-0.03366284
1767,-0.03366284
1768,-0.03366284
1769,-0.031073393
1770,-0.034957565
1771,-0.031073393
1772,-0.03366284
1773,-0.032368116
1774,-0.03366284
1775,-0.03366284
1776,-0.032368116
1777,-0.03366284
1778,-0.034957565
1779,-0.03366284
1780,-0.03366284
1781,-0.032368116
1782,-0.034957565
1783,-0.032368116
1784,-0.032368116
1785,-0.03366284
1786,-0.032368116
1787,-0.03366284
1788,-0.031073393
1789,-0.03366284
1790,-0.03366284
1791,-0.034957565
1792,-0.03366284
1793,-0.03366284
1794,-0.034957565
1795,-0.03366284
1796,-0.03366284
1797,-0.03366284
1798,-0.03366284
1799,-0.034957565
1800,-0.03366284
1801,-0.034957565
1802,-0.03366284
1803,-0.032368116
1804,-0.032368116
1805,-0.034957565
1806,-0.03366284
1807,-0.03366284
1808,-0.03366284
1809,-0.034957565
1810,-0.03366284
1811,-0.03625229
1812,-0.037547015
1813,-0.03366284
1814,-0.03366284
1815,-0.03366284
1816,-0.034957565
1817,-0.03366284
1818,-0.034957565
1819,-0.03366284
1820,-0.034957565
1821,-0.03366284
1822,-0.034957565
1823,40.089855
1824,40.254288
1825,40.229687
1826,40.831734
1827,40.067844
1828,41.872692
1829,32.366825
1830,4.25576
1831,-0.82991856
1832,-3.9540892
1833,-3.1358232
1834,-3.6692498
1835,-4.6920824
1836,15.438297
1837,41.73804
1838,37.900475
1839,40.908123
1840,38.69544
1841,40.838207
1842,39.473564
1843,40.53524
1844,39.69885
1845,40.341034
1846,39.829617
1847,40.215443
1848,39.89824
1849,40.12999
1850,39.933193
1851,40.073025
1852,39.947433
1853,40.029003
1854,39.950024
1855,36.14224
1856,36.13447
1857,36.128
1858,36.120228
1859,36.113758
1860,36.104694
1861,36.09822
1862,36.09045
1863,36.08268
1864,36.076206
1865,36.06844
1866,36.060673
1867,36.052902
1868,36.04643
1869,36.03737
1870,36.030895
1871,36.023125
1872,36.01665
1873,36.008884
1874,36.001114
1875,35.993347
1876,35.985577
1877,35.979103
1878,35.971336
1879,35.964863
1880,35.95839
1881,35.950623
1882,35.942852
1883,35.935085
1884,35.92861
1885,35.92084
1886,35.914368
1887,32.554558
1888,32.548084
1889,32.542904
1890,32.535137
1891,32.52996
1892,32.523487
1893,32.51701
1894,32.509243
1895,32.504063
1896,32.49759
1897,32.49241
1898,32.484642
1899,32.479465
1900,32.471695
1901,32.46522
1902,32.458748
1903,32.452274
1904,32.447098
1905,32.440624
1906,32.432854
1907,32.42638
1908,32.4212
1909,32.413433
1910,32.408253
1911,32.40178
1912,32.395306
1913,32.388832
1914,32.38236
1915,32.375885
1916,32.36941
1917,32.362938
1918,32.356464
1919,29.479588
1920,29.473114
1921,29.467936
1922,29.462755
1923,29.45628
1924,29.451101
1925,29.445923
1926,29.43945
1927,29.43427
1928,29.429092
1929,29.422619
1930,29.41744
1931,29.410967
1932,29.407082
1933,29.400608
1934,29.39543
1935,29.390251
1936,29.383778
1937,29.3786
1938,29.373417
1939,29.368238
1940,29.361765
1941,29.356586
1942,29.351408
1943,29.344934
1944,29.339756
1945,29.334578
1946,29.3294
1947,29.322926
1948,29.317747
1949,29.311274
1950,29.306093
1951,26.794327
1952,26.790443
1953,26.78397
1954,26.780085
1955,26.774906
1956,26.769728
1957,26.76455
1958,26.760664
1959,26.75678
1960,26.751602
1961,26.746424
1962,26.741245
1963,26.736065
1964,26.732182
1965,26.727003
1966,26.72182
1967,26.717937
1968,26.712759
1969,26.708876
1970,26.703695
1971,26.698517
1972,26.693338
1973,26.689455
1974,26.684277
1975,26.679096
1976,26.673918
1977,26.66874
1978,26.664856
1979,26.659678
1980,26.654497
1981,26.650614
1982,26.645435
1983,24.360245
1984,24.355066
1985,24.349888
1986,24.34471
1987,24.33953
1988,24.33435
1989,24.329172
1990,24.323994
1991,24.318813
1992,24.313633
1993,24.308455
1994,24.303276
1995,24.298098
1996,24.29292
1997,24.289036
1998,24.282562
1999,24.277382
2000,24.272203
2001,24.267025
2002,24.263142
2003,24.257963
2004,24.252783
2005,24.247604
2006,24.24113
2007,24.237247
2008,24.232067
2009,24.226887
2010,24.221708
2011,24.21653
2012,24.211351
2013,24.207468
2014,24.202288
2015,21.895088
2016,21.891205
2017,21.886026
2018,21.882141
2019,21.876963
2020,21.871784
2021,21.866606
2022,21.862722
2023,21.857542
2024,21.853659
2025,21.84848
2026,21.843302
2027,21.838123
2028,21.832941
2029,21.829058
2030,21.82388
2031,21.819994
2032,21.814816
2033,21.809637
2034,21.804459
2035,21.800573
2036,21.795395
2037,21.790216
2038,21.786333
2039,21.781155
2040,21.775974
2041,21.770796
2042,21.766912
2043,21.761734
2044,21.757849
2045,21.75267
2046,21.74749
2047,19.679815
2048,19.677225
2049,19.672047
2050,19.668163
2051,19.66428
2052,19.6591
2053,19.65651
2054,19.652626
2055,19.64874
2056,19.644857
2057,19.640974
2058,19.637089
2059,19.633205
2060,19.629322
2061,19.625437
2062,19.621553
2063,19.61767
2064,19.613783
2065,19.6099
2066,19.606016
2067,19.60213
2068,19.596952
2069,19.59307
2070,19.590479
2071,19.586596
2072,19.581417
2073,19.578827
2074,19.573647
2075,19.569763
2076,19.56588
2077,19.560701
2078,19.556816
2079,17.70277
2080,17.698887
2081,17.695002
2082,17.691118
2083,17.687235
2084,17.68335
2085,17.679466
2086,17.676876
2087,17.672993
2088,17.669107
2089,17.665224
2090,17.661339
2091,17.65616
2092,17.65357
2093,17.649687
2094,17.645803
2095,17.641918
2096,17.638035
2097,17.634151
2098,17.630266
2099,17.62638
2100,17.622498
2101,17.618614
2102,17.616024
2103,17.610846
2104,17.60696
2105,17.604372
2106,17.600487
2107,17.595308
2108,17.59272
2109,17.588835
2110,17.58495
2111,15.9108715
2112,15.908282
2113,15.904398
2114,15.900515
2115,15.897924
2116,15.894041
2117,15.891452
2118,15.887566
2119,15.884976
2120,15.881093
2121,15.877209
2122,15.8746195
2123,15.87203
2124,15.868146
2125,15.864262
2126,15.861672
2127,15.857788
2128,15.855199
2129,15.851315
2130,15.847431
2131,15.84484
2132,15.840956
2133,15.8383665
2134,15.834483
2135,15.831893
2136,15.82801
2137,15.824125
2138,15.821536
2139,15.817652
2140,15.8150625
2141,15.811178
2142,15.807294
2143,14.295055
2144,14.292466
2145,14.289877
2146,14.285993
2147,14.283403
2148,14.280814
2149,14.27693
2150,14.274341
2151,14.2717495
2152,14.26916
2153,14.265276
2154,14.262687
2155,14.258802
2156,14.256213
2157,14.253624
2158,14.24974
2159,14.2484455
2160,14.244561
2161,14.240677
2162,14.238088
2163,14.235498
2164,14.231614
2165,14.229024
2166,14.226435
2167,14.2238455
2168,14.221255
2169,14.217372
2170,14.214783
2171,14.212193
2172,14.208309
2173,14.205719
2174,14.201836
2175,12.828133
2176,12.825543
2177,12.822954
2178,12.820363
2179,12.81648
2180,12.8138895
2181,12.8113
2182,12.807417
2183,12.804827
2184,12.8022375
2185,12.799648
2186,12.797059
2187,12.79447
2188,12.7905855
2189,12.787996
2190,12.785407
2191,12.782818
2192,12.780227
2193,12.776342
2194,12.773753
2195,12.771164
2196,12.76728
2197,12.76469
2198,12.762101
2199,12.759512
2200,12.755628
2201,12.753038
2202,12.750449
2203,12.74786
2204,12.745271
2205,12.742681
2206,12.738795
2207,11.491976
2208,11.489387
2209,11.486797
2210,11.485502
2211,11.482913
2212,11.480324
2213,11.476439
2214,11.475145
2215,11.472555
2216,11.469966
2217,11.467377
2218,11.4647875
2219,11.462198
2220,11.459609
2221,11.45702
2222,11.454429
2223,11.451839
2224,11.44925
2225,11.446661
2226,11.444071
2227,11.441482
2228,11.438892
2229,11.436303
2230,11.433714
2231,11.431125
2232,11.42983
2233,11.42724
2234,11.424651
2235,11.422062
2236,11.419473
2237,11.418178
2238,11.414293
2239,10.271051
2240,10.268462
2241,10.265872
2242,10.263283
2243,10.260693
2244,10.259398
2245,10.256809
2246,10.25422
2247,10.25163
2248,10.250336
2249,10.247746
2250,10.245156
2251,10.242567
2252,10.241272
2253,10.238683
2254,10.2360935
2255,10.233504
2256,10.230914
2257,10.228325
2258,10.227031
2259,10.224442
2260,10.221851
2261,10.219262
2262,10.216672
2263,10.215378
2264,10.212789
2265,10.210199
2266,10.208904
2267,10.206315
2268,10.20502
2269,10.202431
2270,10.199841
2271,9.156293
2272,9.153704
2273,9.152409
2274,9.149819
2275,9.148525
2276,9.14464
2277,9.143346
2278,9.140757
2279,9.1394615
2280,9.136872
2281,9.134283
2282,9.132988
2283,9.130399
2284,9.12781
2285,9.12522
2286,9.12263
2287,9.121335
2288,9.118746
2289,9.116157
2290,9.1148615
2291,9.112272
2292,9.109683
2293,9.107094
2294,9.105799
2295,9.103209
2296,9.100619
2297,9.099325
2298,9.095441
2299,9.094146
2300,9.091557
2301,9.090262
2302,9.087673
2303,8.125692
2304,8.121808
2305,8.120513
2306,8.117924
2307,8.1153345
2308,8.114039
2309,8.11145
2310,8.110156
2311,8.107566
2312,8.106271
2313,8.103682
2314,8.101092
2315,8.099797
2316,8.097208
2317,8.095914
2318,8.093325
2319,8.09203
2320,8.08944
2321,8.088145
2322,8.085555
2323,8.084261
2324,8.081672
2325,8.080377
2326,8.0790825
2327,8.076492
2328,8.073903
2329,8.072609
2330,8.07002
2331,8.068725
2332,8.066134
2333,8.06484
2334,8.06225
2335,7.1740694
2336,7.172775
2337,7.1714797
2338,7.170185
2339,7.167596
2340,7.1663013
2341,7.1650066
2342,7.162417
2343,7.1611223
2344,7.1598277
2345,7.1572385
2346,7.155943
2347,7.1546483
2348,7.1533537
2349,7.1507645
2350,7.14947
2351,7.14688
2352,7.1455855
2353,7.1429963
2354,7.1429963
2355,7.140407
2356,7.139112
2357,7.136523
2358,7.1352277
2359,7.1339326
2360,7.132638
2361,7.1313434
2362,7.128754
2363,7.1274595
2364,7.126165
2365,7.12487
2366,7.1222806
2367,6.2988358
2368,6.2975407
2369,6.2949514
2370,6.293657
2371,6.292362
2372,6.2910676
2373,6.289773
2374,6.2871833
2375,6.285888
2376,6.285888
2377,6.2832985
2378,6.282004
2379,6.2807093
2380,6.27812
2381,6.2768254
2382,6.275531
2383,6.2742357
2384,6.2716465
2385,6.270352
2386,6.2690573
2387,6.266468
2388,6.2651725
2389,6.263878
2390,6.2625833
2391,6.2599936
2392,6.258699
2393,6.2574043
2394,6.2561097
2395,6.2535205
2396,6.252226
2397,6.249636
2398,6.2483416
2399,5.484454
2400,5.483159
2401,5.4818645
2402,5.479275
2403,5.4779797
2404,5.476685
2405,5.474096
2406,5.474096
2407,5.4715066
2408,5.470212
2409,5.468917
2410,5.4676223
2411,5.465033
2412,5.4637384
2413,5.4611487
2414,5.4611487
2415,5.4585595
2416,5.4572644
2417,5.4546747
2418,5.45338
2419,5.4520855
2420,5.450791
2421,5.4494963
2422,5.4482017
2423,5.445612
2424,5.4443173
2425,5.4430227
2426,5.441728
2427,5.4404335
2428,5.439139
2429,5.437844
2430,5.4365487
2431,-42.425537
2432,-42.425537
2433,-42.425537
2434,-42.425537
2435,-42.425537
2436,-42.425537
2437,-42.425537
2438,-42.425537
2439,-42.425537
2440,-42.425537
2441,-42.425537
2442,-42.425537
2443,-42.425537
2444,-42.425537
2445,-42.425537
2446,-42.425537
2447,-42.425537
2448,-42.425537
2449,-42.425537
2450,-42.425537
2451,-42.425537
2452,-42.425537
2453,-42.425537
2454,-42.425537
2455,-42.425537
2456,-42.425537
2457,-42.425537
2458,-42.425537
2459,-42.425537
2460,-42.425537
2461,-42.425537
2462,-42.425537
2463,-42.425537
2464,-42.425537
2465,-42.425537
2466,-42.425537
2467,-42.425537
2468,-42.425537
2469,-42.425537
2470,-42.425537
2471,-42.425537
2472,-42.425537
2473,-42.425537
2474,-42.425537
2475,-42.425537
2476,-42.425537
2477,-42.425537
2478,-42.425537
2479,-42.425537
2480,-42.425537
2481,-42.425537
2482,-42.425537
2483,-42.425537
2484,-42.425537
2485,-42.425537
2486,-42.425537
2487,-42.425537
2488,-42.425537
2489,-42.425537
2490,-42.425537
2491,-42.425537
2492,-42.425537
2493,-42.425537
2494,-42.425537
2495,-42.425537
2496,-42.425537
2497,-42.425537
2498,-42.425537
2499,-42.425537
2500,-42.425537
2501,-42.425537
2502,-42.425537
2503,-42.425537
2504,-42.425537
2505,-42.425537
2506,-42.425537
2507,-42.425537
2508,-42.425537
2509,-42.425537
2510,-42.425537
2511,-42.425537
2512,-42.425537
2513,-42.425537
2514,-42.425537
2515,-42.425537
2516,-42.425537
2517,-42.425537
2518,-42.425537
2519,-42.425537
2520,-42.425537
2521,-42.425537
2522,-42.425537
2523,-42.425537
2524,-42.425537
2525,-42.425537
2526,-42.425537
2527,-42.043594
2528,-42.046185
2529,-42.025467
2530,-42.028057
2531,-42.013817
2532,-42.004753
2533,-42.002163
2534,-41.98404
2535,-41.98663
2536,-41.967205
2537,-41.964615
2538,-41.954258
2539,-41.942604
2540,-41.94131
2541,-41.923187
2542,-41.92707
2543,-41.90765
2544,-41.90506
2545,-41.895996
2546,-41.88046
2547,-41.884342
2548,-41.86104
2549,-41.86492
2550,-41.84809
2551,-41.839027
2552,-41.839027
2553,-41.81702
2554,-41.824787
2555,-41.802776
2556,-41.80148
2557,-41.795006
2558,-41.775585
2559,-34.26489
2560,-34.25194
2561,-34.24935
2562,-34.240288
2563,-34.23511
2564,-34.226048
2565,-34.220867
2566,-34.21569
2567,-34.20792
2568,-34.202744
2569,-34.192387
2570,-34.192387
2571,-34.176846
2572,-34.178143
2573,-34.165195
2574,-34.1639
2575,-34.15354
2576,-34.148365
2577,-34.140594
2578,-34.13671
2579,-34.127647
2580,-34.123764
2581,-34.1147
2582,-34.112114
2583,-34.10046
2584,-34.09787
2585,-34.08751
2586,-34.082333
2587,-34.07327
2588,-34.069386
2589,-34.06162
2590,-34.05644
2591,-31.060446
2592,-31.052677
2593,-31.050089
2594,-31.043615
2595,-31.037142
2596,-31.030666
2597,-31.024193
2598,-31.020308
2599,-31.011246
2600,-31.00736
2601,-31.002182
2602,-30.994413
2603,-30.991825
2604,-30.982761
2605,-30.978878
2606,-30.9737
2607,-30.964636
2608,-30.963343
2609,-30.954279
2610,-30.9491
2611,-30.942625
2612,-30.933561
2613,-30.932266
2614,-30.923204
2615,-30.91932
2616,-30.91414
2617,-30.907667
2618,-30.903784
2619,-30.89731
2620,-30.889542
2621,-30.885658
2622,-30.87789
2623,-28.227589
2624,-28.224998
2625,-28.217232
2626,-28.213345
2627,-28.208166
2628,-28.202988
2629,-28.197807
2630,-28.191336
2631,-28.18745
2632,-28.179682
2633,-28.175798
2634,-28.17321
2635,-28.166737
2636,-28.161556
2637,-28.155083
2638,-28.1512
2639,-28.14602
2640,-28.138252
2641,-28.136957
2642,-28.130482
2643,-28.129187
2644,-28.120125
2645,-28.113651
2646,-28.111061
2647,-28.102
2648,-28.09941
2649,-28.09423
2650,-28.089052
2651,-28.082579
2652,-28.078695
2653,-28.073517
2654,-28.068336
2655,-25.708054
2656,-25.704168
2657,-25.700285
2658,-25.693811
2659,-25.691221
2660,-25.684748
2661,-25.67957
2662,-25.678274
2663,-25.670507
2664,-25.666622
2665,-25.664034
2666,-25.656265
2667,-25.65497
2668,-25.647203
2669,-25.643316
2670,-25.640726
2671,-25.634253
2672,-25.629074
2673,-25.62519
2674,-25.620012
2675,-25.614834
2676,-25.609653
2677,-25.607065
2678,-25.601887
2679,-25.596706
2680,-25.592823
2681,-25.58894
2682,-25.585054
2683,-25.57858
2684,-25.573402
2685,-25.569519
2686,-25.566929
2687,-23.461706
2688,-23.456528
2689,-23.456528
2690,-23.450054
2691,-23.447464
2692,-23.44099
2693,-23.438402
2694,-23.433222
2695,-23.425455
2696,-23.425455
2697,-23.420277
2698,-23.416391
2699,-23.411213
2700,-23.408623
2701,-23.406033
2702,-23.400852
2703,-23.395674
2704,-23.393085
2705,-23.387907
2706,-23.385317
2707,-23.377548
2708,-23.37496
2709,-23.371075
2710,-23.367191
2711,-23.363308
2712,-23.356834
2713,-23.358128
2714,-23.35036
2715,-23.34777
2716,-23.343887
2717,-23.337414
2718,-23.336119
2719,-21.449705
2720,-21.44582
2721,-21.443232
2722,-21.439346
2723,-21.435463
2724,-21.432873
2725,-21.430285
2726,-21.423811
2727,-21.42122
2728,-21.417336
2729,-21.414745
2730,-21.408272
2731,-21.405682
2732,-21.400503
2733,-21.39921
2734,-21.39403
2735,-21.391441
2736,-21.387556
2737,-21.384968
2738,-21.381083
2739,-21.382378
2740,-21.37202
2741,-21.36943
2742,-21.365547
2743,-21.361664
2744,-21.357779
2745,-21.353895
2746,-21.351305
2747,-21.346127
2748,-21.342243
2749,-21.339653
2750,-21.335768
2751,-19.638384
2752,-19.635796
2753,-19.6345
2754,-19.629322
2755,-19.628027
2756,-19.622849
2757,-19.620258
2758,-19.616373
2759,-19.611195
2760,-19.6099
2761,-19.607311
2762,-19.603426
2763,-19.599543
2764,-19.595657
2765,-19.594364
2766,-19.589186
2767,-19.586596
2768,-19.582712
2769,-19.580122
2770,-19.577532
2771,-19.571058
2772,-19.571058
2773,-19.564585
2774,-19.56329
2775,-19.559406
2776,-19.554228
2777,-19.555521
2778,-19.549047
2779,-19.54646
2780,-19.543869
2781,-19.53869
2782,-19.537395
2783,-18.000557
2784,-17.997967
2785,-17.996674
2786,-17.991493
2787,-17.9902
2788,-17.986315
2789,-17.983727
2790,-17.978548
2791,-17.975958
2792,-17.974663
2793,-17.97078
2794,-17.96819
2795,-17.964306
2796,-17.96301
2797,-17.959126
2798,-17.956535
2799,-17.952652
2800,-17.950064
2801,-17.947474
2802,-17.942295
2803,-17.941
2804,-17.937117
2805,-17.933231
2806,-17.931936
2807,-17.928053
2808,-17.926758
2809,-17.92417
2810,-17.918991
2811,-17.916399
2812,-17.912516
2813,-17.909925
2814,-17.906042
2815,-16.516804
2816,-16.514214
2817,-16.509033
2818,-16.50774
2819,-16.50515
2820,-16.50256
2821,-16.501266
2822,-16.497381
2823,-16.496086
2824,-16.492203
2825,-16.490908
2826,-16.487024
2827,-16.481846
2828,-16.479256
2829,-16.47796
2830,-16.475372
2831,-16.470194
2832,-16.470194
2833,-16.467602
2834,-16.466309
2835,-16.466309
2836,-16.459835
2837,-16.457245
2838,-16.453362
2839,-16.449476
2840,-16.446888
2841,-16.445593
2842,-16.443005
2843,-16.43912
2844,-16.436531
2845,-16.436531
2846,-16.432646
2847,-15.165111
2848,-15.166405
2849,-15.161226
2850,-15.159931
2851,-15.156048
2852,-15.156048
2853,-15.150868
2854,-15.150868
2855,-15.146985
2856,-15.144395
2857,-15.144395
2858,-15.136626
2859,-15.14051
2860,-15.131447
2861,-15.135331
2862,-15.124973
2863,-15.128858
2864,-15.124973
2865,-15.119795
2866,-15.123679
2867,-15.112027
2868,-15.119795
2869,-15.108143
2870,-15.110732
2871,-15.108143
2872,-15.101669
2873,-15.106848
2874,-15.092606
2875,-15.100373
2876,-15.0913105
2877,-15.0913105
2878,-15.092606
2879,-13.932532
2880,-13.927353
2881,-13.927353
2882,-13.924764
2883,-13.922174
2884,-13.919585
2885,-13.91829
2886,-13.914407
2887,-13.911817
2888,-13.909227
2889,-13.909227
2890,-13.906638
2891,-13.902754
2892,-13.902754
2893,-13.897574
2894,-13.898869
2895,-13.892396
2896,-13.89369
2897,-13.888512
2898,-13.887217
2899,-13.885922
2900,-13.883332
2901,-13.880743
2902,-13.87686
2903,-13.875565
2904,-13.8742695
2905,-13.87168
2906,-13.867797
2907,-13.867797
2908,-13.863913
2909,-13.8626175
2910,-13.858734
2911,-12.799648
2912,-12.791881
2913,-12.791881
2914,-12.791881
2915,-12.785407
2916,-12.7905855
2917,-12.782818
2918,-12.784112
2919,-12.781523
2920,-12.776342
2921,-12.7776375
2922,-12.772459
2923,-12.76987
2924,-12.76987
2925,-12.7659855
2926,-12.7659855
2927,-12.762101
2928,-12.762101
2929,-12.759512
2930,-12.758217
2931,-12.760806
2932,-12.753038
2933,-12.750449
2934,-12.746565
2935,-12.745271
2936,-12.742681
2937,-12.741386
2938,-12.738795
2939,-12.736206
2940,-12.736206
2941,-12.732322
2942,-12.731028
2943,-11.756101
2944,-11.753511
2945,-11.750922
2946,-11.748332
2947,-11.747038
2948,-11.744447
2949,-11.743153
2950,-11.740563
2951,-11.739268
2952,-11.739268
2953,-11.735384
2954,-11.735384
2955,-11.731501
2956,-11.730206
2957,-11.72891
2958,-11.723732
2959,-11.725027
2960,-11.719848
2961,-11.721143
2962,-11.717258
2963,-11.715964
2964,-11.714669
2965,-11.71208
2966,-11.710785
2967,-11.708196
2968,-11.708196
2969,-11.705606
2970,-11.700426
2971,-11.700426
2972,-11.697837
2973,-11.696543
2974,-11.6939535
2975,-10.79153
2976,-10.792826
2977,-10.794121
2978,-10.783762
2979,-10.792826
2980,-10.783762
2981,-10.785056
2982,-10.785056
2983,-10.777288
2984,-10.782467
2985,-10.774699
2986,-10.775993
2987,-10.775993
2988,-10.76952
2989,-10.772109
2990,-10.765636
2991,-10.768226
2992,-10.764341
2993,-10.761752
2994,-10.760457
2995,-10.759163
2996,-10.756573
2997,-10.755279
2998,-10.755279
2999,-10.750098
3000,-10.7539835
3001,-10.746215
3002,-10.747509
3003,-10.74492
3004,-10.739741
3005,-10.74492
3006,-10.734562
3007,-9.902055
3008,-9.903349
3009,-9.90076
3010,-9.89817
3011,-9.896875
3012,-9.896875
3013,-9.892992
3014,-9.891697
3015,-9.889107
3016,-9.889107
3017,-9.886518
3018,-9.883928
3019,-9.883928
3020,-9.881339
3021,-9.880044
3022,-9.877455
3023,-9.87875
3024,-9.87616
3025,-9.87357
3026,-9.87357
3027,-9.877455
3028,-9.868391
3029,-9.867097
3030,-9.863213
3031,-9.863213
3032,-9.8619175
3033,-9.859328
3034,-9.859328
3035,-9.856739
3036,-9.856739
3037,-9.851561
3038,-9.852855
3039,-9.074725
3040,-9.07602
3041,-9.070841
3042,-9.072136
3043,-9.066957
3044,-9.068252
3045,-9.065662
3046,-9.064368
3047,-9.064368
3048,-9.061778
3049,-9.061778
3050,-9.057894
3051,-9.060483
3052,-9.052715
3053,-9.056599
3054,-9.047536
3055,-9.055305
3056,-9.043653
3057,-9.052715
3058,-9.042357
3059,-9.048831
3060,-9.042357
3061,-9.043653
3062,-9.039767
3063,-9.039767
3064,-9.037178
3065,-9.037178
3066,-9.0307045
3067,-9.034589
3068,-9.028115
3069,-9.0307045
3070,-9.025526
3071,-8.306953
3072,-8.306953
3073,-8.305659
3074,-8.301775
3075,-8.305659
3076,-8.299186
3077,-8.30048
3078,-8.296597
3079,-8.2953005
3080,-8.296597
3081,-8.290122
3082,-8.292711
3083,-8.292711
3084,-8.287533
3085,-8.290122
3086,-8.2836485
3087,-8.286238
3088,-8.2836485
3089,-8.27847
3090,-8.282354
3091,-8.277175
3092,-8.27847
3093,-8.274585
3094,-8.273291
3095,-8.274585
3096,-8.271996
3097,-8.270701
3098,-8.269406
3099,-8.266817
3100,-8.266817
3101,-8.264228
3102,-8.261639
3103,-7.5909705
3104,-7.5909705
3105,-7.5883813
3106,-7.5883813
3107,-7.5883813
3108,-7.584497
3109,-7.5832024
3110,-7.5819077
3111,-7.5819077
3112,-7.5793185
3113,-7.576729
3114,-7.576729
3115,-7.5741396
3116,-7.5741396
3117,-7.5741396
3118,-7.5715504
3119,-7.570255
3120,-7.56896
3121,-7.5676656
3122,-7.56896
3123,-7.5715504
3124,-7.5624866
3125,-7.561192
3126,-7.558603
3127,-7.5598974
3128,-7.558603
3129,-7.557308
3130,-7.5560136
3131,-7.557308
3132,-7.5521293
3133,-7.5508347
3134,-7.5482445
3135,-6.9190087
3136,-6.917714
3137,-6.917714
3138,-6.91383
3139,-6.915125
3140,-6.912535
3141,-6.9112406
3142,-6.909946
3143,-6.9086514
3144,-6.9086514
3145,-6.906061
3146,-6.903472
3147,-6.906061
3148,-6.9021773
3149,-6.9021773
3150,-6.898293
3151,-6.898293
3152,-6.898293
3153,-6.894409
3154,-6.895704
3155,-6.8931146
3156,-6.8931146
3157,-6.89182
3158,-6.8892303
3159,-6.8892303
3160,-6.8866405
3161,-6.884051
3162,-6.8853455
3163,-6.882756
3164,-6.882756
3165,-6.880167
3166,-6.8788724
3167,-6.293657
3168,-6.289773
3169,-6.2910676
3170,-6.2871833
3171,-6.289773
3172,-6.2845936
3173,-6.2845936
3174,-6.282004
3175,-6.282004
3176,-6.2807093
3177,-6.2794147
3178,-6.27812
3179,-6.27812
3180,-6.2768254
3181,-6.275531
3182,-6.275531
3183,-6.2716465
3184,-6.272941
3185,-6.2690573
3186,-6.270352
3187,-6.266468
3188,-6.2677627
3189,-6.2651725
3190,-6.263878
3191,-6.2651725
3192,-6.2612886
3193,-6.263878
3194,-6.258699
3195,-6.2612886
3196,-6.2574043
3197,-6.254815
3198,-6.2561097
3199,-5.7058516
3200,-5.703262
3201,-5.7019672
3202,-5.703262
3203,-5.7006726
3204,-5.699378
3205,-5.6980834
3206,-5.6980834
3207,-5.695494
3208,-5.695494
3209,-5.6929045
3210,-5.6929045
3211,-5.69161
3212,-5.69161
3213,-5.6890206
3214,-5.687726
3215,-5.6890206
3216,-5.685136
3217,-5.686431
3218,-5.686431
3219,-5.687726
3220,-5.6825466
3221,-5.679957
3222,-5.679957
3223,-5.6786623
3224,-5.6773677
3225,-5.6773677
3226,-5.676073
3227,-5.6747785
3228,-5.673484
3229,-5.6721888
3230,-5.670894
3231,-5.1542993
3232,-5.14912
3233,-5.150415
3234,-5.1478252
3235,-5.14912
3236,-5.14912
3237,-5.1439414
3238,-5.1478252
3239,-5.1439414
3240,-5.142647
3241,-5.142647
3242,-5.1374674
3243,-5.142647
3244,-5.1374674
3245,-5.1374674
3246,-5.1387625
3247,-5.1335835
3248,-5.1374674
3249,-5.130994
3250,-5.1335835
3251,-5.1335835
3252,-5.129699
3253,-5.132289
3254,-5.1284046
3255,-5.1284046
3256,-5.12711
3257,-5.1232257
3258,-5.125815
3259,-5.1232257
3260,-5.121931
3261,-5.121931
3262,-5.120636
3263,-4.6312304
3264,-4.6286407
3265,-4.6299353
3266,-4.6286407
3267,-4.6286407
3268,-4.624757
3269,-4.624757
3270,-4.6234617
3271,-4.622167
3272,-4.6208725
3273,-4.619578
3274,-4.6208725
3275,-4.619578
3276,-4.618283
3277,-4.618283
3278,-4.6156936
3279,-4.6156936
3280,-4.613104
3281,-4.613104
3282,-4.613104
3283,-4.6105146
3284,-4.60922
3285,-4.6079254
3286,-4.60922
3287,-4.6079254
3288,-4.6053357
3289,-4.6053357
3290,-4.6053357
3291,-4.604041
3292,-4.600157
3293,-4.6014514
3294,-4.600157
3295,-4.1418242
3296,-4.139235
3297,-4.1379404
3298,-4.1418242
3299,-4.1379404
3300,-4.1353507
3301,-4.134056
3302,-4.134056
3303,-4.1353507
3304,-4.1314664
3305,-4.1314664
3306,-4.1314664
3307,-4.130172
3308,-4.128877
3309,-4.124993
3310,-4.1275826
3311,-4.1275826
3312,-4.123698
3313,-4.124993
3314,-4.1262875
3315,-4.128877
3316,-4.119814
3317,-4.1211085
3318,-4.119814
3319,-4.1185193
3320,-4.1185193
3321,-4.114635
3322,-4.1172247
3323,-4.114635
3324,-4.114635
3325,-4.114635
3326,-4.110751
3327,-3.682197
3328,-3.6770182
3329,-3.6809022
3330,-3.6770182
3331,-3.6796074
3332,-3.6744287
3333,-3.6770182
3334,-3.673134
3335,-3.673134
3336,-3.6718395
3337,-3.6718395
3338,-3.6718395
3339,-3.6692498
3340,-3.6692498
3341,-3.667955
3342,-3.667955
3343,-3.6653657
3344,-3.667955
3345,-3.6640708
3346,-3.6666603
3347,-3.6627762
3348,-3.6614816
3349,-3.6640708
3350,-3.6575973
3351,-3.6640708
3352,-3.6537132
3353,-3.6614816
3354,-3.6563025
3355,-3.6537132
3356,-3.6601865
3357,-3.6472394
3358,-3.6614816
3359,-3.2458746
3360,-3.2432854
3361,-3.2432854
3362,-3.2419906
3363,-3.2419906
3364,-3.2432854
3365,-3.2368119
3366,-3.240696
3367,-3.2368119
3368,-3.2368119
3369,-3.2368119
3370,-3.2355168
3371,-3.2355168
3372,-3.2329276
3373,-3.2342222
3374,-3.2329276
3375,-3.2316327
3376,-3.2290435
3377,-3.2290435
3378,-3.2290435
3379,-3.2290435
3380,-3.226454
3381,-3.226454
3382,-3.2277489
3383,-3.2251592
3384,-3.2238643
3385,-3.2238643
3386,-3.2225697
3387,-3.221275
3388,-3.221275
3389,-3.2186856
3390,-3.2186856
3391,-2.8315628
3392,-2.8328578
3393,-2.826384
3394,-2.8341525
3395,-2.826384
3396,-2.8289733
3397,-2.8302681
3398,-2.8225
3399,-2.8302681
3400,-2.821205
3401,-2.8237946
3402,-2.826384
3403,-2.8160262
3404,-2.8276787
3405,-2.8160262
3406,-2.821205
3407,-2.8225
3408,-2.813437
3409,-2.8250895
3410,-2.8160262
3411,-2.8237946
3412,-2.8173208
3413,-2.8095524
3414,-2.8199103
3415,-2.8082578
3416,-2.813437
3417,-2.813437
3418,-2.8069632
3419,-2.8147316
3420,-2.8069632
3421,-2.8095524
3422,-2.8108473
3423,-2.441851
3424,-2.441851
3425,-2.440556
3426,-2.440556
3427,-2.441851
3428,-2.4379666
3429,-2.440556
3430,-2.4379666
3431,-2.4379666
3432,-2.436672
3433,-2.436672
3434,-2.4353771
3435,-2.4327877
3436,-2.4327877
3437,-2.4327877
3438,-2.4327877
3439,-2.4301982
3440,-2.4301982
3441,-2.4301982
3442,-2.4301982
3443,-2.4276087
3444,-2.4289036
3445,-2.426314
3446,-2.4289036
3447,-2.4237247
3448,-2.4250193
3449,-2.4237247
3450,-2.42243
3451,-2.4237247
3452,-2.4198403
3453,-2.42243
3454,-2.4211352
3455,-2.0702648
3456,-2.0806227
3457,-2.0767384
3458,-2.0715594
3459,-2.0806227
3460,-2.0663805
3461,-2.078033
3462,-2.0689702
3463,-2.0728543
3464,-2.0741491
3465,-2.0676754
3466,-2.0754437
3467,-2.065086
3468,-2.0715594
3469,-2.0663805
3470,-2.0676754
3471,-2.0676754
3472,-2.0612018
3473,-2.0689702
3474,-2.059907
3475,-2.0663805
3476,-2.0624964
3477,-2.0612018
3478,-2.065086
3479,-2.056023
3480,-2.065086
3481,-2.056023
3482,-2.0612018
3483,-2.0573175
3484,-2.054728
3485,-2.059907
3486,-2.0521386
3487,-1.7297522
3488,-1.7284575
3489,-1.7284575
3490,-1.7284575
3491,-1.7271628
3492,-1.7245733
3493,-1.7245733
3494,-1.725868
3495,-1.7232786
3496,-1.7245733
3497,-1.7232786
3498,-1.7219839
3499,-1.7219839
3500,-1.7193944
3501,-1.720689
3502,-1.7193944
3503,-1.7193944
3504,-1.7193944
3505,-1.716805
3506,-1.7219839
3507,-1.7180997
3508,-1.7155101
3509,-1.7155101
3510,-1.7129208
3511,-1.7142155
3512,-1.7116262
3513,-1.7142155
3514,-1.7116262
3515,-1.7116262
3516,-1.7103313
3517,-1.7103313
3518,-1.7103313
3519,-1.4047762
3520,-1.3944185
3521,-1.4034816
3522,-1.3931237
3523,-1.3983027
3524,-1.397008
3525,-1.3918291
3526,-1.4008921
3527,-1.3879448
3528,-1.3995974
3529,-1.3879448
3530,-1.3983027
3531,-1.3905344
3532,-1.3918291
3533,-1.3892395
3534,-1.3905344
3535,-1.3879448
3536,-1.3892395
3537,-1.3892395
3538,-1.3866502
3539,-1.3892395
3540,-1.3840606
3541,-1.3905344
3542,-1.3814713
3543,-1.3879448
3544,-1.3814713
3545,-1.3866502
3546,-1.3814713
3547,-1.382766
3548,-1.3801765
3549,-1.3801765
3550,-1.3814713
3551,-1.091453
3552,-1.0888635
3553,-1.0888635
3554,-1.0888635
3555,-1.0849793
3556,-1.0875688
3557,-1.086274
3558,-1.086274
3559,-1.0849793
3560,-1.0836846
3561,-1.086274
3562,-1.0823898
3563,-1.0836846
3564,-1.0823898
3565,-1.0810951
3566,-1.0823898
3567,-1.0785058
3568,-1.0798004
3569,-1.0772109
3570,-1.0798004
3571,-1.0759163
3572,-1.0772109
3573,-1.0798004
3574,-1.0759163
3575,-1.0772109
3576,-1.0746214
3577,-1.0746214
3578,-1.0759163
3579,-1.0707374
3580,-1.0733268
3581,-1.0707374
3582,-1.0720321
3583,-0.7962557
3584,-0.7962557
3585,-0.7975504
3586,-0.7962557
3587,-0.794961
3588,-0.7936663
3589,-0.794961
3590,-0.7923715
3591,-0.7923715
3592,-0.7923715
3593,-0.79107684
3594,-0.79107684
3595,-0.79107684
3596,-0.78978205
3597,-0.78978205
3598,-0.7871926
3599,-0.7884874
3600,-0.7871926
3601,-0.78978205
3602,-0.78978205
3603,-0.7871926
3604,-0.7858979
3605,-0.7846032
3606,-0.7833085
3607,-0.7833085
3608,-0.7833085
3609,-0.7833085
3610,-0.7833085
3611,-0.7820137
3612,-0.78071904
3613,-0.78071904
3614,-0.77942425
3615,-0.51530045
3616,-0.51788986
3617,-0.5165951
3618,-0.51530045
3619,-0.5140057
3620,-0.512711
3621,-0.5165951
3622,-0.512711
3623,-0.512711
3624,-0.512711
3625,-0.512711
3626,-0.51141626
3627,-0.5101215
3628,-0.5101215
3629,-0.5101215
3630,-0.5088268
3631,-0.5062373
3632,-0.50753206
3633,-0.5088268
3634,-0.50753206
3635,-0.5062373
3636,-0.5062373
3637,-0.5062373
3638,-0.5062373
3639,-0.5023532
3640,-0.5036479
3641,-0.5036479
3642,-0.5023532
3643,-0.5023532
3644,-0.49976373
3645,-0.5023532
3646,-0.49976373
3647,-0.25247133
3648,-0.25506076
3649,-0.25376603
3650,-0.2511766
3651,-0.2511766
3652,-0.2511766
3653,-0.2511766
3654,-0.24988186
3655,-0.24988186
3656,-0.24988186
3657,-0.24988186
3658,-0.24858715
3659,-0.24729241
3660,-0.24729241
3661,-0.24858715
3662,-0.2459977
3663,-0.2459977
3664,-0.2459977
3665,-0.24470297
3666,-0.24470297
3667,-0.24211352
3668,-0.2459977
3669,-0.24211352
3670,-0.24211352
3671,-0.24211352
3672,-0.2408188
3673,-0.24340825
3674,-0.23822935
3675,-0.24211352
3676,-0.23952407
3677,-0.23952407
3678,-0.23822935
3679,-0.0051788986
3680,-0.0077683483
3681,-0.006473623
3682,-0.0051788986
3683,-0.006473623
3684,-0.0038841742
3685,-0.0038841742
3686,-0.0025894493
3687,-0.0012947246
3688,-0.0025894493
3689,0.0
3690,-0.0012947246
3691,0.0
3692,-0.0012947246
3693,-0.0012947246
3694,0.0012947246
3695,-0.0012947246
3696,0.0012947246
3697,0.0012947246
3698,-0.0012947246
3699,0.0012947246
3700,0.0038841742
3701,0.0038841742
3702,0.0051788986
3703,0.0051788986
3704,0.0038841742
3705,0.0051788986
3706,0.0051788986
3707,0.006473623
3708,0.006473623
3709,0.0077683483
3710,0.0090630725
3711,0.22657682
3712,0.22787155
3713,0.22916627
3714,0.22916627
3715,0.230461
3716,0.22916627
3717,0.230461
3718,0.230461
3719,0.230461
3720,0.23175572
3721,0.230461
3722,0.23434517
3723,0.23305045
3724,0.23434517
3725,0.23434517
3726,0.23434517
3727,0.23693462
3728,0.23434517
3729,0.2356399
3730,0.23434517
3731,0.23693462
3732,0.23693462
3733,0.23693462
3734,0.23822935
3735,0.23952407
3736,0.23952407
3737,0.23952407
3738,0.23952407
3739,0.2408188
3740,0.23952407
3741,0.23952407
3742,0.24211352
3743,0.4518589
3744,0.4518589
3745,0.4518589
3746,0.45315364
3747,0.45315364
3748,0.45444837
3749,0.45444837
3750,0.45444837
3751,0.4557431
3752,0.45444837
3753,0.4570378
3754,0.4557431
3755,0.4570378
3756,0.4570378
3757,0.4570378
3758,0.45962727
3759,0.45833254
3760,0.45962727
3761,0.45833254
3762,0.45962727
3763,0.45962727
3764,0.460922
3765,0.4622167
3766,0.460922
3767,0.4622167
3768,0.460922
3769,0.4622167
3770,0.46351144
3771,0.4622167
3772,0.46351144
3773,0.46351144
3774,0.46480617
3775,0.6641938
3776,0.66160434
3777,0.6603096
3778,0.6590149
3779,0.6641938
3780,0.662899
3781,0.66160434
3782,0.6641938
3783,0.6654885
3784,0.6667833
3785,0.6641938
3786,0.6667833
3787,0.66807795
3788,0.6654885
3789,0.6667833
3790,0.6654885
3791,0.66807795
3792,0.66807795
3793,0.6654885
3794,0.6654885
3795,0.6667833
3796,0.67196214
3797,0.6693727
3798,0.67196214
3799,0.6732568
3800,0.6693727
3801,0.67196214
3802,0.6693727
3803,0.6732568
3804,0.6732568
3805,0.6706674
3806,0.6771411
3807,0.8584025
3808,0.8584025
3809,0.8596972
3810,0.8596972
3811,0.8584025
3812,0.8596972
3813,0.8596972
3814,0.8596972
3815,0.8596972
3816,0.8622866
3817,0.8596972
3818,0.8648761
3819,0.8584025
3820,0.8687603
3821,0.85710776
3822,0.870055
3823,0.8584025
3824,0.8687603
3825,0.86099195
3826,0.86746556
3827,0.8648761
3828,0.8635814
3829,0.8687603
3830,0.8648761
3831,0.870055
3832,0.8648761
3833,0.870055
3834,0.8661709
3835,0.870055
3836,0.86746556
3837,0.8687603
3838,0.8687603
3839,1.0461376
3840,1.0448428
3841,1.0435481
3842,1.0461376
3843,1.0461376
3844,1.0461376
3845,1.0461376
3846,1.048727
3847,1.0474323
3848,1.0474323
3849,1.048727
3850,1.0500218
3851,1.048727
3852,1.048727
3853,1.0500218
3854,1.0513165
3855,1.0500218
3856,1.0500218
3857,1.0500218
3858,1.0539058
3859,1.0513165
3860,1.0526112
3861,1.0526112
3862,1.0539058
3863,1.0539058
3864,1.0526112
3865,1.0539058
3866,1.0539058
3867,1.0552007
3868,1.0539058
3869,1.0552007
3870,1.0564953
3871,1.2248095
3872,1.2222201
3873,1.2209255
3874,1.227399
3875,1.218336
3876,1.2286937
3877,1.2222201
3878,1.2248095
3879,1.2261044
3880,1.2222201
3881,1.2286937
3882,1.2248095
3883,1.227399
3884,1.227399
3885,1.2261044
3886,1.2286937
3887,1.2286937
3888,1.2261044
3889,1.2312832
3890,1.2209255
3891,1.2286937
3892,1.2312832
3893,1.2248095
3894,1.2377568
3895,1.2222201
3896,1.2351674
3897,1.2325779
3898,1.2248095
3899,1.241641
3900,1.2222201
3901,1.2390516
3902,1.2338727
3903,1.3892395
3904,1.3892395
3905,1.3892395
3906,1.3905344
3907,1.3879448
3908,1.3892395
3909,1.3892395
3910,1.3905344
3911,1.3905344
3912,1.3892395
3913,1.3931237
3914,1.3918291
3915,1.3931237
3916,1.3918291
3917,1.3931237
3918,1.3944185
3919,1.3918291
3920,1.3931237
3921,1.3931237
3922,1.3944185
3923,1.3944185
3924,1.3944185
3925,1.397008
3926,1.3944185
3927,1.3957133
3928,1.3957133
3929,1.397008
3930,1.3983027
3931,1.3957133
3932,1.397008
3933,1.397008
3934,1.3983027
3935,1.5381329
3936,1.5420171
3937,1.547196
3938,1.5394276
3939,1.5497854
3940,1.5394276
3941,1.547196
3942,1.547196
3943,1.5407225
3944,1.552375
3945,1.5394276
3946,1.547196
3947,1.547196
3948,1.5420171
3949,1.5536696
3950,1.5420171
3951,1.5497854
3952,1.5484908
3953,1.5433118
3954,1.5549643
3955,1.5420171
3956,1.552375
3957,1.5497854
3958,1.5459013
3959,1.5549643
3960,1.5433118
3961,1.5549643
3962,1.5497854
3963,1.5484908
3964,1.5549643
3965,1.547196
3966,1.5562592
3967,1.6896157
3968,1.6909106
3969,1.6909106
3970,1.6922052
3971,1.6909106
3972,1.6922052
3973,1.6909106
3974,1.6909106
3975,1.6947945
3976,1.6896157
3977,1.6960894
3978,1.6922052
3979,1.6922052
3980,1.6947945
3981,1.6922052
3982,1.6960894
3983,1.6922052
3984,1.6960894
3985,1.6947945
3986,1.6896157
3987,1.6947945
3988,1.6947945
3989,1.6986789
3990,1.6960894
3991,1.6973841
3992,1.6973841
3993,1.6973841
3994,1.6986789
3995,1.6973841
3996,1.6986789
3997,1.6999735
3998,1.6973841
3999,-0.21362957
