0,0.2252821
1,0.22916627
2,0.22398737
3,0.22787155
4,0.2252821
5,0.2252821
6,0.22657682
7,0.22398737
8,0.22657682
9,0.22657682
10,0.2252821
11,0.22657682
12,0.2252821
13,0.22657682
14,0.22398737
15,0.2252821
16,0.2252821
17,0.22657682
18,0.2252821
19,0.22398737
20,0.22657682
21,0.22398737
22,0.2252821
23,0.22398737
24,0.22398737
25,0.22787155
26,0.22269265
27,0.22787155
28,0.2252821
29,0.2252821
30,0.2252821
31,0.21233486
32,0.2149243
33,0.21233486
34,0.2149243
35,0.20974539
36,0.21104012
37,0.2149243
38,0.21104012
39,0.21362957
40,0.21362957
41,0.21362957
42,0.21233486
43,0.21362957
44,0.2149243
45,0.21233486
46,0.21362957
47,0.21362957
48,0.21233486
49,0.21362957
50,0.21104012
51,0.21362957
52,0.21233486
53,0.21362957
54,0.21233486
55,0.21362957
56,0.2149243
57,0.21362957
58,0.21362957
59,0.21362957
60,0.21362957
61,0.21362957
62,0.21104012
63,0.20197704
64,0.20197704
65,0.2045665
66,0.1993876
67,0.2045665
68,0.20197704
69,0.20327178
70,0.20327178
71,0.20197704
72,0.20327178
73,0.20197704
74,0.20197704
75,0.20197704
76,0.20197704
77,0.20197704
78,0.20197704
79,0.20327178
80,0.20327178
81,0.20327178
82,0.2045665
83,0.20197704
84,0.2045665
85,0.20327178
86,0.20068233
87,0.20327178
88,0.20068233
89,0.20586123
90,0.20068233
91,0.1993876
92,0.2045665
93,0.20327178
94,0.2045665
95,0.1942087
96,0.19550343
97,0.19291398
98,0.1942087
99,0.1942087
100,0.19291398
101,0.1942087
102,0.19291398
103,0.19550343
104,0.19291398
105,0.1942087
106,0.1942087
107,0.1942087
108,0.19291398
109,0.19291398
110,0.1942087
111,0.19291398
112,0.1942087
113,0.19291398
114,0.19291398
115,0.19291398
116,0.19291398
117,0.19291398
118,0.19291398
119,0.1942087
120,0.1942087
121,0.19291398
122,0.19291398
123,0.1942087
124,0.19161925
125,0.1942087
126,0.19161925
127,0.18255618
128,0.18514563
129,0.18255618
130,0.1838509
131,0.18126145
132,0.178672
133,0.18644035
134,0.18126145
135,0.1838509
136,0.18514563
137,0.18126145
138,0.18514563
139,0.18126145
140,0.18514563
141,0.1838509
142,0.18255618
143,0.18514563
144,0.18255618
145,0.18514563
146,0.18126145
147,0.1838509
148,0.18255618
149,0.18255618
150,0.18255618
151,0.18255618
152,0.1838509
153,0.18255618
154,0.18255618
155,0.1838509
156,0.1838509
157,0.18255618
158,0.18255618
159,0.17219839
160,0.17219839
161,0.1734931
162,0.16960894
163,0.17608255
164,0.16960894
165,0.17478783
166,0.17090365
167,0.17090365
168,0.17608255
169,0.16701949
170,0.17608255
171,0.1683142
172,0.17219839
173,0.1734931
174,0.1683142
175,0.17737728
176,0.1683142
177,0.17608255
178,0.17219839
179,0.16960894
180,0.17737728
181,0.16443004
182,0.17608255
183,0.16960894
184,0.17090365
185,0.17608255
186,0.16572475
187,0.17737728
188,0.1683142
189,0.17219839
190,0.17478783
191,0.1631353
192,0.1631353
193,0.16184059
194,0.16184059
195,0.16184059
196,0.1631353
197,0.16184059
198,0.16184059
199,0.1631353
200,0.1631353
201,0.1631353
202,0.1631353
203,0.1631353
204,0.1631353
205,0.16184059
206,0.16184059
207,0.16184059
208,0.16184059
209,0.16184059
210,0.16054586
211,0.1631353
212,0.16184059
213,0.16184059
214,0.16184059
215,0.16184059
216,0.1631353
217,0.16184059
218,0.1631353
219,0.16054586
220,0.16184059
221,0.16184059
222,0.16184059
223,0.15666169
224,0.15148279
225,0.1579564
226,0.15148279
227,0.15148279
228,0.15277751
229,0.15018806
230,0.15925114
231,0.15018806
232,0.1579564
233,0.15536696
234,0.15018806
235,0.16054586
236,0.14759861
237,0.15666169
238,0.15277751
239,0.15148279
240,0.15925114
241,0.14630389
242,0.1579564
243,0.15277751
244,0.15277751
245,0.15536696
246,0.14759861
247,0.16054586
248,0.15018806
249,0.15536696
250,0.15407224
251,0.15018806
252,0.16054586
253,0.14759861
254,0.1579564
255,0.14371444
256,0.14630389
257,0.14241971
258,0.14500916
259,0.14500916
260,0.14500916
261,0.14500916
262,0.14371444
263,0.14500916
264,0.14500916
265,0.14371444
266,0.14371444
267,0.14500916
268,0.14371444
269,0.14371444
270,0.14371444
271,0.14500916
272,0.14371444
273,0.14500916
274,0.14500916
275,0.14500916
276,0.14630389
277,0.141125
278,0.14500916
279,0.14371444
280,0.14500916
281,0.13983026
282,0.14500916
283,0.14500916
284,0.14371444
285,0.14241971
286,0.14371444
287,0.13206191
288,0.13465136
289,0.12947246
290,0.13724081
291,0.12947246
292,0.13465136
293,0.13206191
294,0.13206191
295,0.13853554
296,0.12947246
297,0.13724081
298,0.12947246
299,0.13465136
300,0.13335665
301,0.1307672
302,0.1359461
303,0.12947246
304,0.1359461
305,0.13206191
306,0.13335665
307,0.13465136
308,0.13206191
309,0.13465136
310,0.13335665
311,0.13335665
312,0.13465136
313,0.1307672
314,0.13465136
315,0.13206191
316,0.13206191
317,0.13335665
318,0.1307672
319,0.12688302
320,0.1255883
321,0.12429357
322,0.1255883
323,0.12299885
324,0.12299885
325,0.1255883
326,0.12429357
327,0.12688302
328,0.12429357
329,0.1255883
330,0.1255883
331,0.1255883
332,0.12688302
333,0.12429357
334,0.1255883
335,0.1255883
336,0.12429357
337,0.12429357
338,0.1255883
339,0.1255883
340,0.1255883
341,0.12429357
342,0.12688302
343,0.1255883
344,0.1255883
345,0.12429357
346,0.12429357
347,0.12688302
348,0.12429357
349,0.12429357
350,0.1255883
351,0.11781995
352,0.119114675
353,0.116525225
354,0.119114675
355,0.11781995
356,0.11781995
357,0.119114675
358,0.116525225
359,0.119114675
360,0.116525225
361,0.119114675
362,0.11781995
363,0.119114675
364,0.11781995
365,0.11781995
366,0.11781995
367,0.116525225
368,0.11781995
369,0.11781995
370,0.11781995
371,0.11781995
372,0.116525225
373,0.11781995
374,0.11781995
375,0.11781995
376,0.11781995
377,0.116525225
378,0.11781995
379,0.116525225
380,0.11781995
381,0.116525225
382,0.11781995
383,0.10875688
384,0.10746215
385,0.10875688
386,0.104872696
387,0.1100516
388,0.10616743
389,0.10875688
390,0.10875688
391,0.10616743
392,0.1100516
393,0.10746215
394,0.10746215
395,0.1100516
396,0.10616743
397,0.10875688
398,0.10616743
399,0.10616743
400,0.1100516
401,0.104872696
402,0.1100516
403,0.10616743
404,0.10746215
405,0.1100516
406,0.10616743
407,0.1100516
408,0.10746215
409,0.10746215
410,0.10875688
411,0.10616743
412,0.10875688
413,0.10746215
414,0.10616743
415,0.09839907
416,0.09710435
417,0.09839907
418,0.09839907
419,0.0945149
420,0.0945149
421,0.09839907
422,0.09710435
423,0.0996938
424,0.09710435
425,0.09710435
426,0.0996938
427,0.09710435
428,0.0996938
429,0.09839907
430,0.09839907
431,0.09839907
432,0.09710435
433,0.09839907
434,0.09710435
435,0.09839907
436,0.09710435
437,0.09839907
438,0.09839907
439,0.09839907
440,0.09839907
441,0.09839907
442,0.09839907
443,0.0996938
444,0.09580962
445,0.09839907
446,0.09839907
447,0.090630725
448,0.090630725
449,0.090630725
450,0.093220174
451,0.090630725
452,0.09192545
453,0.090630725
454,0.090630725
455,0.093220174
456,0.088041276
457,0.09192545
458,0.090630725
459,0.09192545
460,0.090630725
461,0.089336
462,0.09192545
463,0.090630725
464,0.09192545
465,0.090630725
466,0.09192545
467,0.09192545
468,0.088041276
469,0.09192545
470,0.09192545
471,0.090630725
472,0.090630725
473,0.090630725
474,0.09192545
475,0.09192545
476,0.089336
477,0.09192545
478,0.090630725
479,0.0841571
480,0.08286238
481,0.0841571
482,0.08286238
483,0.08545183
484,0.08286238
485,0.0841571
486,0.0841571
487,0.0841571
488,0.08545183
489,0.08156765
490,0.08674655
491,0.0841571
492,0.0841571
493,0.0841571
494,0.0841571
495,0.08545183
496,0.08286238
497,0.0841571
498,0.0841571
499,0.08545183
500,0.08286238
501,0.08156765
502,0.0841571
503,0.08286238
504,0.0841571
505,0.08286238
506,0.0841571
507,0.0841571
508,0.08156765
509,0.0841571
510,0.08286238
511,0.07509403
512,0.076388754
513,0.07509403
514,0.076388754
515,0.06991513
516,0.07250458
517,0.07509403
518,0.07250458
519,0.07509403
520,0.07250458
521,0.07509403
522,0.07509403
523,0.073799305
524,0.07509403
525,0.073799305
526,0.07509403
527,0.07509403
528,0.073799305
529,0.07509403
530,0.073799305
531,0.07509403
532,0.073799305
533,0.073799305
534,0.07509403
535,0.073799305
536,0.07509403
537,0.07509403
538,0.073799305
539,0.073799305
540,0.07250458
541,0.073799305
542,0.07250458
543,0.06603096
544,0.06732568
545,0.06603096
546,0.068620406
547,0.06473623
548,0.06732568
549,0.06732568
550,0.06603096
551,0.06732568
552,0.06473623
553,0.06732568
554,0.06603096
555,0.06603096
556,0.06732568
557,0.06603096
558,0.06732568
559,0.06732568
560,0.06603096
561,0.06603096
562,0.06732568
563,0.06603096
564,0.06732568
565,0.06473623
566,0.06732568
567,0.06732568
568,0.06732568
569,0.06603096
570,0.068620406
571,0.068620406
572,0.06603096
573,0.06473623
574,0.06603096
575,0.059557337
576,0.060852062
577,0.060852062
578,0.060852062
579,0.060852062
580,0.059557337
581,0.062146787
582,0.060852062
583,0.060852062
584,0.060852062
585,0.060852062
586,0.062146787
587,0.059557337
588,0.062146787
589,0.059557337
590,0.060852062
591,0.060852062
592,0.060852062
593,0.060852062
594,0.059557337
595,0.060852062
596,0.059557337
597,0.060852062
598,0.060852062
599,0.059557337
600,0.059557337
601,0.062146787
602,0.059557337
603,0.060852062
604,0.058262613
605,0.062146787
606,0.059557337
607,0.053083714
608,0.053083714
609,0.05437844
610,0.05437844
611,0.04790481
612,0.053083714
613,0.051788986
614,0.053083714
615,0.051788986
616,0.051788986
617,0.05437844
618,0.051788986
619,0.05437844
620,0.051788986
621,0.05437844
622,0.053083714
623,0.051788986
624,0.053083714
625,0.051788986
626,0.05437844
627,0.049199536
628,0.053083714
629,0.053083714
630,0.053083714
631,0.053083714
632,0.05049426
633,0.05437844
634,0.05437844
635,0.051788986
636,0.051788986
637,0.051788986
638,0.053083714
639,0.045315363
640,0.042725913
641,0.045315363
642,0.044020638
643,0.044020638
644,0.046610087
645,0.04143119
646,0.04790481
647,0.04143119
648,0.045315363
649,0.044020638
650,0.04143119
651,0.046610087
652,0.040136464
653,0.04790481
654,0.042725913
655,0.044020638
656,0.045315363
657,0.042725913
658,0.046610087
659,0.040136464
660,0.045315363
661,0.044020638
662,0.042725913
663,0.045315363
664,0.04143119
665,0.045315363
666,0.042725913
667,0.044020638
668,0.045315363
669,0.04143119
670,0.046610087
671,0.03625229
672,0.03625229
673,0.037547015
674,0.037547015
675,0.037547015
676,0.037547015
677,0.03884174
678,0.03625229
679,0.037547015
680,0.03625229
681,0.03884174
682,0.03625229
683,0.034957565
684,0.037547015
685,0.03625229
686,0.03884174
687,0.03625229
688,0.037547015
689,0.03884174
690,0.037547015
691,0.037547015
692,0.034957565
693,0.037547015
694,0.034957565
695,0.03625229
696,0.03625229
697,0.03625229
698,0.037547015
699,0.03625229
700,0.03625229
701,0.037547015
702,0.03625229
703,0.029778669
704,0.031073393
705,0.034957565
706,0.02718922
707,0.028483944
708,0.031073393
709,0.029778669
710,0.03366284
711,0.02718922
712,0.032368116
713,0.032368116
714,0.028483944
715,0.034957565
716,0.028483944
717,0.03366284
718,0.032368116
719,0.028483944
720,0.034957565
721,0.028483944
722,0.032368116
723,0.032368116
724,0.02718922
725,0.034957565
726,0.028483944
727,0.032368116
728,0.031073393
729,0.02718922
730,0.037547015
731,0.025894493
732,0.03366284
733,0.029778669
734,0.028483944
735,0.022010319
736,0.024599768
737,0.024599768
738,0.024599768
739,0.024599768
740,0.023305044
741,0.025894493
742,0.023305044
743,0.023305044
744,0.023305044
745,0.023305044
746,0.024599768
747,0.022010319
748,0.025894493
749,0.023305044
750,0.023305044
751,0.023305044
752,0.024599768
753,0.024599768
754,0.023305044
755,0.022010319
756,0.025894493
757,0.023305044
758,0.023305044
759,0.022010319
760,0.023305044
761,0.024599768
762,0.023305044
763,0.024599768
764,0.023305044
765,0.024599768
766,0.023305044
767,0.012947246
768,0.01683142
769,0.018126145
770,0.010357797
771,0.020715594
772,0.010357797
773,0.01942087
774,0.014241972
775,0.012947246
776,0.020715594
777,0.0090630725
778,0.018126145
779,0.012947246
780,0.015536697
781,0.015536697
782,0.014241972
783,0.01683142
784,0.015536697
785,0.01683142
786,0.012947246
787,0.018126145
788,0.014241972
789,0.015536697
790,0.01683142
791,0.012947246
792,0.018126145
793,0.012947246
794,0.015536697
795,0.01683142
796,0.015536697
797,0.014241972
798,0.015536697
799,0.010357797
800,0.0090630725
801,0.011652522
802,0.0077683483
803,0.0025894493
804,0.010357797
805,0.0090630725
806,0.010357797
807,0.0090630725
808,0.011652522
809,0.011652522
810,0.0090630725
811,0.010357797
812,0.010357797
813,0.010357797
814,0.0077683483
815,0.0090630725
816,0.0090630725
817,0.010357797
818,0.010357797
819,0.0090630725
820,0.010357797
821,0.010357797
822,0.010357797
823,0.010357797
824,0.0090630725
825,0.011652522
826,0.0077683483
827,0.010357797
828,0.0090630725
829,0.0077683483
830,0.011652522
831,0.0025894493
832,0.0051788986
833,0.0038841742
834,0.0051788986
835,0.006473623
836,0.0038841742
837,0.006473623
838,0.0025894493
839,0.006473623
840,0.0038841742
841,0.0051788986
842,0.0038841742
843,0.0038841742
844,0.0051788986
845,0.0038841742
846,0.0051788986
847,0.0051788986
848,0.0051788986
849,0.0038841742
850,0.0038841742
851,0.0051788986
852,0.0038841742
853,0.0038841742
854,0.0038841742
855,0.0038841742
856,0.0051788986
857,0.0038841742
858,0.0038841742
859,0.0038841742
860,0.0051788986
861,0.0051788986
862,0.0038841742
863,-0.0038841742
864,-0.0038841742
865,-0.0012947246
866,-0.0051788986
867,-0.0012947246
868,-0.0012947246
869,-0.0038841742
870,-0.0012947246
871,-0.0038841742
872,-0.0012947246
873,-0.0012947246
874,-0.0038841742
875,-0.0012947246
876,-0.0038841742
877,-0.0025894493
878,-0.0012947246
879,-0.0038841742
880,-0.0012947246
881,-0.0025894493
882,-0.0038841742
883,-0.0025894493
884,-0.0038841742
885,-0.0012947246
886,-0.0025894493
887,-0.0038841742
888,-0.0012947246
889,-0.0025894493
890,-0.0025894493
891,-0.0038841742
892,-0.0025894493
893,-0.0025894493
894,-0.0025894493
895,-0.011652522
896,-0.0077683483
897,-0.010357797
898,-0.012947246
899,-0.015536697
900,-0.010357797
901,-0.010357797
902,-0.010357797
903,-0.0090630725
904,-0.0090630725
905,-0.0090630725
906,-0.0090630725
907,-0.0090630725
908,-0.010357797
909,-0.011652522
910,-0.012947246
911,-0.010357797
912,-0.011652522
913,-0.010357797
914,-0.011652522
915,-0.0090630725
916,-0.0090630725
917,-0.010357797
918,-0.0090630725
919,-0.011652522
920,-0.0077683483
921,-0.011652522
922,-0.010357797
923,-0.011652522
924,-0.010357797
925,-0.010357797
926,-0.011652522
927,-0.015536697
928,-0.012947246
929,-0.015536697
930,-0.014241972
931,-0.01683142
932,-0.012947246
933,-0.015536697
934,-0.01683142
935,-0.014241972
936,-0.01683142
937,-0.014241972
938,-0.01683142
939,-0.014241972
940,-0.014241972
941,-0.014241972
942,-0.015536697
943,-0.015536697
944,-0.012947246
945,-0.015536697
946,-0.01683142
947,-0.014241972
948,-0.015536697
949,-0.014241972
950,-0.015536697
951,-0.01683142
952,-0.012947246
953,-0.015536697
954,-0.014241972
955,-0.01683142
956,-0.012947246
957,-0.014241972
958,-0.018126145
959,-0.020715594
960,-0.01942087
961,-0.018126145
962,-0.023305044
963,-0.018126145
964,-0.022010319
965,-0.01942087
966,-0.020715594
967,-0.022010319
968,-0.01683142
969,-0.020715594
970,-0.01942087
971,-0.01942087
972,-0.01942087
973,-0.020715594
974,-0.022010319
975,-0.01942087
976,-0.01942087
977,-0.01942087
978,-0.020715594
979,-0.020715594
980,-0.01942087
981,-0.022010319
982,-0.020715594
983,-0.020715594
984,-0.01942087
985,-0.01942087
986,-0.020715594
987,-0.01942087
988,-0.020715594
989,-0.01942087
990,-0.023305044
991,-0.02718922
992,-0.02718922
993,-0.028483944
994,-0.028483944
995,-0.031073393
996,-0.02718922
997,-0.028483944
998,-0.02718922
999,-0.024599768
1000,-0.02718922
1001,-0.025894493
1002,-0.02718922
1003,-0.028483944
1004,-0.025894493
1005,-0.029778669
1006,-0.028483944
1007,-0.02718922
1008,-0.028483944
1009,-0.025894493
1010,-0.028483944
1011,-0.025894493
1012,-0.02718922
1013,-0.02718922
1014,-0.025894493
1015,-0.02718922
1016,-0.025894493
1017,-0.028483944
1018,-0.02718922
1019,-0.028483944
1020,-0.02718922
1021,-0.02718922
1022,-0.028483944
1023,-0.03366284
1024,-0.031073393
1025,-0.03366284
1026,-0.032368116
1027,-0.032368116
1028,-0.03366284
1029,-0.032368116
1030,-0.03625229
1031,-0.03366284
1032,-0.03366284
1033,-0.034957565
1034,-0.032368116
1035,-0.034957565
1036,-0.031073393
1037,-0.03366284
1038,-0.032368116
1039,-0.03366284
1040,-0.03366284
1041,-0.032368116
1042,-0.034957565
1043,-0.03366284
1044,-0.032368116
1045,-0.03366284
1046,-0.032368116
1047,-0.034957565
1048,-0.031073393
1049,-0.032368116
1050,-0.032368116
1051,-0.031073393
1052,-0.03366284
1053,-0.029778669
1054,-0.034957565
1055,-0.03625229
1056,-0.03625229
1057,-0.037547015
1058,-0.03625229
1059,-0.037547015
1060,-0.037547015
1061,-0.037547015
1062,-0.03625229
1063,-0.03625229
1064,-0.037547015
1065,-0.037547015
1066,-0.03625229
1067,-0.03625229
1068,-0.037547015
1069,-0.037547015
1070,-0.03625229
1071,-0.03625229
1072,-0.037547015
1073,-0.037547015
1074,-0.037547015
1075,-0.03625229
1076,-0.03625229
1077,-0.03884174
1078,-0.03625229
1079,-0.037547015
1080,-0.03625229
1081,-0.037547015
1082,-0.03625229
1083,-0.03625229
1084,-0.037547015
1085,-0.03625229
1086,-0.037547015
1087,-0.042725913
1088,-0.040136464
1089,-0.045315363
1090,-0.042725913
1091,-0.04790481
1092,-0.040136464
1093,-0.044020638
1094,-0.042725913
1095,-0.040136464
1096,-0.042725913
1097,-0.04143119
1098,-0.044020638
1099,-0.04143119
1100,-0.04143119
1101,-0.045315363
1102,-0.042725913
1103,-0.042725913
1104,-0.04143119
1105,-0.042725913
1106,-0.042725913
1107,-0.04143119
1108,-0.042725913
1109,-0.042725913
1110,-0.042725913
1111,-0.04143119
1112,-0.042725913
1113,-0.044020638
1114,-0.042725913
1115,-0.042725913
1116,-0.042725913
1117,-0.044020638
1118,-0.042725913
1119,-0.051788986
1120,-0.049199536
1121,-0.046610087
1122,-0.051788986
1123,-0.045315363
1124,-0.05437844
1125,-0.04790481
1126,-0.05049426
1127,-0.051788986
1128,-0.04790481
1129,-0.05049426
1130,-0.049199536
1131,-0.04790481
1132,-0.05049426
1133,-0.046610087
1134,-0.05049426
1135,-0.05049426
1136,-0.046610087
1137,-0.055673163
1138,-0.044020638
1139,-0.053083714
1140,-0.049199536
1141,-0.046610087
1142,-0.056967888
1143,-0.040136464
1144,-0.056967888
1145,-0.045315363
1146,-0.046610087
1147,-0.055673163
1148,-0.040136464
1149,-0.059557337
1150,-0.044020638
1151,-0.05437844
1152,-0.05437844
1153,-0.056967888
1154,-0.053083714
1155,-0.05437844
1156,-0.05437844
1157,-0.05437844
1158,-0.055673163
1159,-0.053083714
1160,-0.055673163
1161,-0.05437844
1162,-0.055673163
1163,-0.05437844
1164,-0.05437844
1165,-0.05437844
1166,-0.05437844
1167,-0.053083714
1168,-0.05437844
1169,-0.053083714
1170,-0.05437844
1171,-0.053083714
1172,-0.055673163
1173,-0.055673163
1174,-0.05437844
1175,-0.055673163
1176,-0.05437844
1177,-0.056967888
1178,-0.053083714
1179,-0.05437844
1180,-0.05437844
1181,-0.053083714
1182,-0.055673163
1183,-0.053083714
1184,-0.062146787
1185,-0.053083714
1186,-0.06344151
1187,-0.058262613
1188,-0.056967888
1189,-0.060852062
1190,-0.051788986
1191,-0.06473623
1192,-0.051788986
1193,-0.062146787
1194,-0.055673163
1195,-0.053083714
1196,-0.06603096
1197,-0.04790481
1198,-0.06473623
1199,-0.05437844
1200,-0.05437844
1201,-0.06603096
1202,-0.04790481
1203,-0.06732568
1204,-0.05437844
1205,-0.056967888
1206,-0.06603096
1207,-0.04790481
1208,-0.06732568
1209,-0.05049426
1210,-0.059557337
1211,-0.06473623
1212,-0.049199536
1213,-0.06473623
1214,-0.051788986
1215,-0.062146787
1216,-0.062146787
1217,-0.062146787
1218,-0.062146787
1219,-0.062146787
1220,-0.06344151
1221,-0.062146787
1222,-0.062146787
1223,-0.06344151
1224,-0.06344151
1225,-0.06344151
1226,-0.060852062
1227,-0.06344151
1228,-0.06344151
1229,-0.06344151
1230,-0.062146787
1231,-0.062146787
1232,-0.06473623
1233,-0.06473623
1234,-0.06344151
1235,-0.06473623
1236,-0.062146787
1237,-0.06344151
1238,-0.062146787
1239,-0.06344151
1240,-0.06344151
1241,-0.06344151
1242,-0.06344151
1243,-0.062146787
1244,-0.06473623
1245,-0.06344151
1246,-0.06344151
1247,-0.06991513
1248,-0.06991513
1249,-0.071209855
1250,-0.06732568
1251,-0.07250458
1252,-0.06603096
1253,-0.071209855
1254,-0.06732568
1255,-0.068620406
1256,-0.073799305
1257,-0.06603096
1258,-0.073799305
1259,-0.06603096
1260,-0.07250458
1261,-0.06991513
1262,-0.06603096
1263,-0.073799305
1264,-0.06344151
1265,-0.073799305
1266,-0.06732568
1267,-0.068620406
1268,-0.073799305
1269,-0.06603096
1270,-0.07509403
1271,-0.06603096
1272,-0.073799305
1273,-0.06732568
1274,-0.068620406
1275,-0.06991513
1276,-0.06732568
1277,-0.06991513
1278,-0.06732568
1279,-0.07509403
1280,-0.073799305
1281,-0.073799305
1282,-0.07509403
1283,-0.073799305
1284,-0.073799305
1285,-0.073799305
1286,-0.07250458
1287,-0.073799305
1288,-0.07250458
1289,-0.07509403
1290,-0.071209855
1291,-0.07250458
1292,-0.07509403
1293,-0.07250458
1294,-0.07509403
1295,-0.071209855
1296,-0.073799305
1297,-0.073799305
1298,-0.071209855
1299,-0.073799305
1300,-0.071209855
1301,-0.07509403
1302,-0.07250458
1303,-0.07250458
1304,-0.07509403
1305,-0.07250458
1306,-0.073799305
1307,-0.073799305
1308,-0.07250458
1309,-0.07509403
1310,-0.071209855
1311,-0.07768348
1312,-0.076388754
1313,-0.07768348
1314,-0.076388754
1315,-0.076388754
1316,-0.07768348
1317,-0.076388754
1318,-0.07768348
1319,-0.07509403
1320,-0.07768348
1321,-0.076388754
1322,-0.076388754
1323,-0.076388754
1324,-0.076388754
1325,-0.076388754
1326,-0.076388754
1327,-0.07768348
1328,-0.076388754
1329,-0.076388754
1330,-0.07509403
1331,-0.076388754
1332,-0.07768348
1333,-0.07509403
1334,-0.076388754
1335,-0.07768348
1336,-0.07509403
1337,-0.07768348
1338,-0.076388754
1339,-0.07768348
1340,-0.07768348
1341,-0.076388754
1342,-0.076388754
1343,-0.08027293
1344,-0.08545183
1345,-0.08156765
1346,-0.08156765
1347,-0.0841571
1348,-0.0789782
1349,-0.08286238
1350,-0.08156765
1351,-0.08156765
1352,-0.08545183
1353,-0.08027293
1354,-0.08286238
1355,-0.08286238
1356,-0.08027293
1357,-0.08286238
1358,-0.08027293
1359,-0.08286238
1360,-0.08286238
1361,-0.08027293
1362,-0.08156765
1363,-0.08156765
1364,-0.08156765
1365,-0.0841571
1366,-0.08156765
1367,-0.08286238
1368,-0.08286238
1369,-0.08156765
1370,-0.08286238
1371,-0.08027293
1372,-0.08156765
1373,-0.08286238
1374,-0.08027293
1375,-0.088041276
1376,-0.088041276
1377,-0.08674655
1378,-0.09192545
1379,-0.09192545
1380,-0.08674655
1381,-0.08674655
1382,-0.08674655
1383,-0.089336
1384,-0.08674655
1385,-0.088041276
1386,-0.08674655
1387,-0.089336
1388,-0.088041276
1389,-0.08674655
1390,-0.08674655
1391,-0.088041276
1392,-0.089336
1393,-0.08674655
1394,-0.08674655
1395,-0.08674655
1396,-0.08674655
1397,-0.088041276
1398,-0.08674655
1399,-0.089336
1400,-0.088041276
1401,-0.088041276
1402,-0.088041276
1403,-0.088041276
1404,-0.089336
1405,-0.08674655
1406,-0.088041276
1407,-0.089336
1408,-0.090630725
1409,-0.09192545
1410,-0.088041276
1411,-0.090630725
1412,-0.09192545
1413,-0.090630725
1414,-0.090630725
1415,-0.088041276
1416,-0.09192545
1417,-0.089336
1418,-0.088041276
1419,-0.09192545
1420,-0.089336
1421,-0.09192545
1422,-0.088041276
1423,-0.09192545
1424,-0.09192545
1425,-0.088041276
1426,-0.089336
1427,-0.089336
1428,-0.090630725
1429,-0.090630725
1430,-0.089336
1431,-0.090630725
1432,-0.090630725
1433,-0.089336
1434,-0.089336
1435,-0.090630725
1436,-0.09192545
1437,-0.090630725
1438,-0.089336
1439,-0.093220174
1440,-0.0945149
1441,-0.0945149
1442,-0.090630725
1443,-0.0945149
1444,-0.090630725
1445,-0.09580962
1446,-0.090630725
1447,-0.0945149
1448,-0.0945149
1449,-0.09192545
1450,-0.0945149
1451,-0.093220174
1452,-0.0945149
1453,-0.0945149
1454,-0.090630725
1455,-0.0945149
1456,-0.09192545
1457,-0.093220174
1458,-0.093220174
1459,-0.09192545
1460,-0.09580962
1461,-0.093220174
1462,-0.0945149
1463,-0.0945149
1464,-0.0945149
1465,-0.093220174
1466,-0.090630725
1467,-0.0945149
1468,-0.09192545
1469,-0.09580962
1470,-0.09192545
1471,-0.0996938
1472,-0.09839907
1473,-0.09839907
1474,-0.10357797
1475,-0.10228325
1476,-0.09839907
1477,-0.09839907
1478,-0.09839907
1479,-0.09839907
1480,-0.09710435
1481,-0.09839907
1482,-0.09839907
1483,-0.0996938
1484,-0.09839907
1485,-0.0996938
1486,-0.0996938
1487,-0.0996938
1488,-0.0996938
1489,-0.09710435
1490,-0.09839907
1491,-0.09839907
1492,-0.09839907
1493,-0.09839907
1494,-0.09839907
1495,-0.0996938
1496,-0.09839907
1497,-0.0996938
1498,-0.0996938
1499,-0.0996938
1500,-0.09839907
1501,-0.09839907
1502,-0.0996938
1503,-0.10228325
1504,-0.10357797
1505,-0.10357797
1506,-0.10357797
1507,-0.104872696
1508,-0.10228325
1509,-0.10357797
1510,-0.10228325
1511,-0.10228325
1512,-0.10357797
1513,-0.10098852
1514,-0.10357797
1515,-0.10228325
1516,-0.10357797
1517,-0.10357797
1518,-0.10228325
1519,-0.104872696
1520,-0.10228325
1521,-0.104872696
1522,-0.10228325
1523,-0.10228325
1524,-0.10357797
1525,-0.10098852
1526,-0.10357797
1527,-0.10228325
1528,-0.10228325
1529,-0.104872696
1530,-0.10098852
1531,-0.104872696
1532,-0.10098852
1533,-0.10228325
1534,-0.10357797
1535,-0.10616743
1536,-0.10357797
1537,-0.104872696
1538,-0.104872696
1539,-0.104872696
1540,-0.104872696
1541,-0.104872696
1542,-0.10616743
1543,-0.10616743
1544,-0.10357797
1545,-0.10616743
1546,-0.10357797
1547,-0.104872696
1548,-0.104872696
1549,-0.104872696
1550,-0.104872696
1551,-0.10357797
1552,-0.10616743
1553,-0.10357797
1554,-0.10616743
1555,-0.104872696
1556,-0.104872696
1557,-0.104872696
1558,-0.104872696
1559,-0.104872696
1560,-0.10357797
1561,-0.104872696
1562,-0.104872696
1563,-0.104872696
1564,-0.10616743
1565,-0.104872696
1566,-0.104872696
1567,-0.1100516
1568,-0.1100516
1569,-0.10746215
1570,-0.1152305
1571,-0.11264105
1572,-0.10875688
1573,-0.1100516
1574,-0.10616743
1575,-0.1100516
1576,-0.10746215
1577,-0.10746215
1578,-0.10875688
1579,-0.10746215
1580,-0.1100516
1581,-0.10746215
1582,-0.1100516
1583,-0.11134633
1584,-0.10746215
1585,-0.1100516
1586,-0.10616743
1587,-0.1100516
1588,-0.10746215
1589,-0.10616743
1590,-0.1100516
1591,-0.10746215
1592,-0.1100516
1593,-0.10875688
1594,-0.1100516
1595,-0.11134633
1596,-0.10875688
1597,-0.1100516
1598,-0.10746215
1599,-0.1100516
1600,-0.116525225
1601,-0.1100516
1602,-0.113935776
1603,-0.116525225
1604,-0.10875688
1605,-0.11781995
1606,-0.1100516
1607,-0.116525225
1608,-0.113935776
1609,-0.11134633
1610,-0.11781995
1611,-0.10875688
1612,-0.11781995
1613,-0.11264105
1614,-0.11264105
1615,-0.11781995
1616,-0.10875688
1617,-0.11781995
1618,-0.11264105
1619,-0.11264105
1620,-0.116525225
1621,-0.1100516
1622,-0.116525225
1623,-0.113935776
1624,-0.11264105
1625,-0.116525225
1626,-0.11134633
1627,-0.1152305
1628,-0.113935776
1629,-0.11134633
1630,-0.116525225
1631,-0.11781995
1632,-0.1152305
1633,-0.116525225
1634,-0.116525225
1635,-0.11781995
1636,-0.11781995
1637,-0.116525225
1638,-0.119114675
1639,-0.11781995
1640,-0.119114675
1641,-0.116525225
1642,-0.116525225
1643,-0.11781995
1644,-0.1152305
1645,-0.116525225
1646,-0.11781995
1647,-0.11781995
1648,-0.11781995
1649,-0.1152305
1650,-0.119114675
1651,-0.116525225
1652,-0.119114675
1653,-0.116525225
1654,-0.11781995
1655,-0.11781995
1656,-0.116525225
1657,-0.116525225
1658,-0.116525225
1659,-0.11781995
1660,-0.116525225
1661,-0.116525225
1662,-0.11781995
1663,-0.116525225
1664,-0.121704124
1665,-0.116525225
1666,-0.1255883
1667,-0.121704124
1668,-0.1152305
1669,-0.121704124
1670,-0.116525225
1671,-0.1204094
1672,-0.119114675
1673,-0.116525225
1674,-0.1204094
1675,-0.119114675
1676,-0.119114675
1677,-0.1204094
1678,-0.11781995
1679,-0.119114675
1680,-0.1204094
1681,-0.116525225
1682,-0.1204094
1683,-0.119114675
1684,-0.1152305
1685,-0.12429357
1686,-0.1152305
1687,-0.121704124
1688,-0.1204094
1689,-0.113935776
1690,-0.12688302
1691,-0.113935776
1692,-0.119114675
1693,-0.12429357
1694,-0.11264105
1695,-0.12299885
1696,-0.121704124
1697,-0.1204094
1698,-0.12429357
1699,-0.121704124
1700,-0.12299885
1701,-0.121704124
1702,-0.12429357
1703,-0.12299885
1704,-0.121704124
1705,-0.121704124
1706,-0.121704124
1707,-0.12299885
1708,-0.121704124
1709,-0.121704124
1710,-0.12299885
1711,-0.12299885
1712,-0.12299885
1713,-0.12299885
1714,-0.12429357
1715,-0.12299885
1716,-0.121704124
1717,-0.121704124
1718,-0.12299885
1719,-0.121704124
1720,-0.121704124
1721,-0.121704124
1722,-0.12429357
1723,-0.12299885
1724,-0.121704124
1725,-0.121704124
1726,-0.12429357
1727,-0.12688302
1728,-0.12299885
1729,-0.13465136
1730,-0.1204094
1731,-0.13335665
1732,-0.12688302
1733,-0.12429357
1734,-0.13465136
1735,-0.1204094
1736,-0.13206191
1737,-0.12688302
1738,-0.12688302
1739,-0.12947246
1740,-0.12299885
1741,-0.1307672
1742,-0.12429357
1743,-0.12947246
1744,-0.12688302
1745,-0.1255883
1746,-0.13206191
1747,-0.12429357
1748,-0.12947246
1749,-0.1255883
1750,-0.12688302
1751,-0.12817775
1752,-0.12429357
1753,-0.1307672
1754,-0.1255883
1755,-0.12817775
1756,-0.12688302
1757,-0.12688302
1758,-0.12947246
1759,-0.12947246
1760,-0.12947246
1761,-0.12947246
1762,-0.13465136
1763,-0.1307672
1764,-0.12688302
1765,-0.1307672
1766,-0.12817775
1767,-0.12947246
1768,-0.12947246
1769,-0.12947246
1770,-0.1307672
1771,-0.12947246
1772,-0.12817775
1773,-0.12947246
1774,-0.12817775
1775,-0.1307672
1776,-0.12817775
1777,-0.12817775
1778,-0.12947246
1779,-0.12947246
1780,-0.12688302
1781,-0.1307672
1782,-0.12947246
1783,-0.1307672
1784,-0.12947246
1785,-0.12817775
1786,-0.1307672
1787,-0.12688302
1788,-0.12947246
1789,-0.12947246
1790,-0.12817775
1791,-0.13335665
1792,-0.12817775
1793,-0.13335665
1794,-0.12947246
1795,-0.13335665
1796,-0.12947246
1797,-0.13335665
1798,-0.1307672
1799,-0.13206191
1800,-0.1307672
1801,-0.13206191
1802,-0.12947246
1803,-0.1307672
1804,-0.12947246
1805,-0.13206191
1806,-0.1307672
1807,-0.13206191
1808,-0.13206191
1809,-0.1307672
1810,-0.13206191
1811,-0.12947246
1812,-0.13206191
1813,-0.1307672
1814,-0.1307672
1815,-0.1307672
1816,-0.1307672
1817,-0.1307672
1818,-0.1307672
1819,-0.1307672
1820,-0.13206191
1821,-0.1307672
1822,-0.13206191
1823,-0.13206191
1824,-0.13724081
1825,-0.13206191
1826,-0.13724081
1827,-0.13465136
1828,-0.13206191
1829,-0.13983026
1830,-0.13206191
1831,-0.1359461
1832,-0.13335665
1833,-0.13335665
1834,-0.13724081
1835,-0.13335665
1836,-0.13465136
1837,-0.1359461
1838,-0.13206191
1839,-0.13853554
1840,-0.13335665
1841,-0.13465136
1842,-0.13724081
1843,-0.13206191
1844,-0.13983026
1845,-0.13335665
1846,-0.13724081
1847,-0.1359461
1848,-0.13206191
1849,-0.13724081
1850,-0.13335665
1851,-0.1359461
1852,-0.1359461
1853,-0.13206191
1854,-0.13724081
1855,-0.13983026
1856,-0.13983026
1857,-0.13983026
1858,-0.14500916
1859,-0.13853554
1860,-0.13853554
1861,-0.13853554
1862,-0.13853554
1863,-0.13853554
1864,-0.13853554
1865,-0.141125
1866,-0.13853554
1867,-0.13983026
1868,-0.13983026
1869,-0.13983026
1870,-0.13983026
1871,-0.13724081
1872,-0.13853554
1873,-0.13983026
1874,-0.13983026
1875,-0.13853554
1876,-0.13983026
1877,-0.13983026
1878,-0.13983026
1879,-0.13983026
1880,-0.13983026
1881,-0.13983026
1882,-0.13853554
1883,-0.13724081
1884,-0.13853554
1885,-0.13853554
1886,-0.13853554
1887,-0.14241971
1888,-0.13724081
1889,-0.141125
1890,-0.141125
1891,-0.13853554
1892,-0.14371444
1893,-0.13983026
1894,-0.141125
1895,-0.13983026
1896,-0.13724081
1897,-0.14371444
1898,-0.13853554
1899,-0.141125
1900,-0.13853554
1901,-0.141125
1902,-0.14371444
1903,-0.13853554
1904,-0.14241971
1905,-0.13983026
1906,-0.14241971
1907,-0.141125
1908,-0.13853554
1909,-0.141125
1910,-0.13983026
1911,-0.141125
1912,-0.13983026
1913,-0.141125
1914,-0.141125
1915,-0.13983026
1916,-0.141125
1917,-0.141125
1918,-0.13983026
1919,-0.141125
1920,-0.14241971
1921,-0.14241971
1922,-0.14241971
1923,-0.14241971
1924,-0.13983026
1925,-0.14371444
1926,-0.141125
1927,-0.14241971
1928,-0.14241971
1929,-0.14241971
1930,-0.14241971
1931,-0.141125
1932,-0.141125
1933,-0.14241971
1934,-0.14241971
1935,-0.14241971
1936,-0.141125
1937,-0.14241971
1938,-0.14241971
1939,-0.13983026
1940,-0.14241971
1941,-0.14241971
1942,-0.14371444
1943,-0.14371444
1944,-0.141125
1945,-0.14371444
1946,-0.14241971
1947,-0.141125
1948,-0.141125
1949,-0.14371444
1950,-0.14241971
1951,-0.14759861
1952,-0.14500916
1953,-0.14759861
1954,-0.15018806
1955,-0.14630389
1956,-0.14630389
1957,-0.14500916
1958,-0.14630389
1959,-0.14630389
1960,-0.14630389
1961,-0.14630389
1962,-0.14759861
1963,-0.14630389
1964,-0.14630389
1965,-0.14630389
1966,-0.14630389
1967,-0.14630389
1968,-0.14630389
1969,-0.14630389
1970,-0.14630389
1971,-0.14630389
1972,-0.14630389
1973,-0.14889334
1974,-0.14630389
1975,-0.14759861
1976,-0.14630389
1977,-0.14759861
1978,-0.14500916
1979,-0.14500916
1980,-0.14630389
1981,-0.14500916
1982,-0.14759861
1983,-0.14759861
1984,-0.14759861
1985,-0.15148279
1986,-0.14889334
1987,-0.14889334
1988,-0.15018806
1989,-0.14759861
1990,-0.15148279
1991,-0.14759861
1992,-0.14889334
1993,-0.14889334
1994,-0.14759861
1995,-0.15018806
1996,-0.14759861
1997,-0.15018806
1998,-0.15018806
1999,-0.15018806
2000,-0.14889334
2001,-0.15018806
2002,-0.14889334
2003,-0.14889334
2004,-0.14759861
2005,-0.14759861
2006,-0.15018806
2007,-0.14759861
2008,-0.14889334
2009,-0.15018806
2010,-0.15018806
2011,-0.15018806
2012,-0.14759861
2013,-0.14889334
2014,-0.14889334
2015,-0.15018806
2016,-0.15018806
2017,-0.15148279
2018,-0.15018806
2019,-0.14889334
2020,-0.15018806
2021,-0.14759861
2022,-0.14889334
2023,-0.14889334
2024,-0.15018806
2025,-0.15018806
2026,-0.14759861
2027,-0.15018806
2028,-0.14889334
2029,-0.15018806
2030,-0.14889334
2031,-0.14889334
2032,-0.15018806
2033,-0.15018806
2034,-0.14889334
2035,-0.14889334
2036,-0.14889334
2037,-0.15018806
2038,-0.14889334
2039,-0.15018806
2040,-0.15018806
2041,-0.14889334
2042,-0.15148279
2043,-0.14889334
2044,-0.15148279
2045,-0.14889334
2046,-0.15018806
2047,-0.15277751
2048,-0.15277751
2049,-0.15407224
2050,-0.1579564
2051,-0.15148279
2052,-0.15277751
2053,-0.15148279
2054,-0.15018806
2055,-0.15018806
2056,-0.15277751
2057,-0.15277751
2058,-0.15148279
2059,-0.15148279
2060,-0.15277751
2061,-0.15277751
2062,-0.15148279
2063,-0.15148279
2064,-0.15148279
2065,-0.15277751
2066,-0.15148279
2067,-0.14889334
2068,-0.15277751
2069,-0.15148279
2070,-0.15277751
2071,-0.15277751
2072,-0.15148279
2073,-0.15536696
2074,-0.15018806
2075,-0.15277751
2076,-0.15277751
2077,-0.15148279
2078,-0.15277751
2079,-0.15925114
2080,-0.15277751
2081,-0.15925114
2082,-0.15277751
2083,-0.1579564
2084,-0.15407224
2085,-0.15666169
2086,-0.15536696
2087,-0.15407224
2088,-0.1579564
2089,-0.15277751
2090,-0.1579564
2091,-0.15277751
2092,-0.1579564
2093,-0.15536696
2094,-0.15666169
2095,-0.1579564
2096,-0.15536696
2097,-0.1579564
2098,-0.15148279
2099,-0.15666169
2100,-0.15407224
2101,-0.15536696
2102,-0.15666169
2103,-0.15277751
2104,-0.1579564
2105,-0.15536696
2106,-0.15666169
2107,-0.15536696
2108,-0.15536696
2109,-0.15536696
2110,-0.15666169
2111,-0.15666169
2112,-0.15536696
2113,-0.15666169
2114,-0.15536696
2115,-0.15407224
2116,-0.15666169
2117,-0.15536696
2118,-0.15536696
2119,-0.15536696
2120,-0.15666169
2121,-0.15536696
2122,-0.15536696
2123,-0.15666169
2124,-0.15536696
2125,-0.15666169
2126,-0.15407224
2127,-0.15666169
2128,-0.15666169
2129,-0.15536696
2130,-0.15536696
2131,-0.15536696
2132,-0.15666169
2133,-0.15536696
2134,-0.15536696
2135,-0.15536696
2136,-0.15536696
2137,-0.15666169
2138,-0.15407224
2139,-0.15536696
2140,-0.15666169
2141,-0.15536696
2142,-0.15666169
2143,-0.15666169
2144,-0.16054586
2145,-0.15666169
2146,-0.16701949
2147,-0.15666169
2148,-0.15925114
2149,-0.15925114
2150,-0.15666169
2151,-0.15925114
2152,-0.1579564
2153,-0.15666169
2154,-0.15925114
2155,-0.1579564
2156,-0.1579564
2157,-0.1579564
2158,-0.15666169
2159,-0.1579564
2160,-0.16054586
2161,-0.15666169
2162,-0.15925114
2163,-0.1579564
2164,-0.15666169
2165,-0.16054586
2166,-0.15407224
2167,-0.16184059
2168,-0.15666169
2169,-0.15536696
2170,-0.16184059
2171,-0.15407224
2172,-0.1631353
2173,-0.15666169
2174,-0.15666169
2175,-0.16054586
2176,-0.16184059
2177,-0.16054586
2178,-0.16184059
2179,-0.16054586
2180,-0.16184059
2181,-0.16054586
2182,-0.15925114
2183,-0.16054586
2184,-0.15925114
2185,-0.16054586
2186,-0.15925114
2187,-0.16184059
2188,-0.16054586
2189,-0.1631353
2190,-0.16184059
2191,-0.16184059
2192,-0.1631353
2193,-0.16054586
2194,-0.16054586
2195,-0.16054586
2196,-0.16054586
2197,-0.16054586
2198,-0.15925114
2199,-0.16054586
2200,-0.16184059
2201,-0.16054586
2202,-0.16184059
2203,-0.16054586
2204,-0.1631353
2205,-0.16054586
2206,-0.16054586
2207,-0.1579564
2208,-0.1734931
2209,-0.1579564
2210,-0.16572475
2211,-0.16960894
2212,-0.1579564
2213,-0.1734931
2214,-0.15666169
2215,-0.17090365
2216,-0.16572475
2217,-0.16054586
2218,-0.17090365
2219,-0.15666169
2220,-0.17090365
2221,-0.16184059
2222,-0.16443004
2223,-0.1683142
2224,-0.16054586
2225,-0.17090365
2226,-0.16054586
2227,-0.1683142
2228,-0.16443004
2229,-0.1631353
2230,-0.16701949
2231,-0.16054586
2232,-0.16701949
2233,-0.16184059
2234,-0.16572475
2235,-0.16443004
2236,-0.16572475
2237,-0.16443004
2238,-0.16443004
2239,-0.16443004
2240,-0.16184059
2241,-0.16572475
2242,-0.16572475
2243,-0.16443004
2244,-0.16443004
2245,-0.1631353
2246,-0.1631353
2247,-0.1631353
2248,-0.16443004
2249,-0.16184059
2250,-0.1631353
2251,-0.16184059
2252,-0.1631353
2253,-0.1631353
2254,-0.1631353
2255,-0.1631353
2256,-0.16443004
2257,-0.16443004
2258,-0.16184059
2259,-0.16572475
2260,-0.1631353
2261,-0.1631353
2262,-0.16184059
2263,-0.16443004
2264,-0.1631353
2265,-0.1631353
2266,-0.1631353
2267,-0.1631353
2268,-0.16443004
2269,-0.16443004
2270,-0.16184059
2271,-0.1683142
2272,-0.1631353
2273,-0.1683142
2274,-0.16443004
2275,-0.16701949
2276,-0.16572475
2277,-0.16443004
2278,-0.16701949
2279,-0.16572475
2280,-0.16701949
2281,-0.16572475
2282,-0.16572475
2283,-0.16701949
2284,-0.16572475
2285,-0.16572475
2286,-0.16701949
2287,-0.16572475
2288,-0.16572475
2289,-0.16443004
2290,-0.16701949
2291,-0.16572475
2292,-0.16701949
2293,-0.16572475
2294,-0.16572475
2295,-0.16572475
2296,-0.16572475
2297,-0.16572475
2298,-0.16572475
2299,-0.16443004
2300,-0.16572475
2301,-0.16443004
2302,-0.16572475
2303,-0.16701949
2304,-0.16960894
2305,-0.16701949
2306,-0.1683142
2307,-0.1683142
2308,-0.16960894
2309,-0.16960894
2310,-0.1683142
2311,-0.17219839
2312,-0.1683142
2313,-0.1683142
2314,-0.16960894
2315,-0.16572475
2316,-0.17090365
2317,-0.16701949
2318,-0.1683142
2319,-0.1683142
2320,-0.1683142
2321,-0.17090365
2322,-0.16701949
2323,-0.16960894
2324,-0.17090365
2325,-0.1683142
2326,-0.17090365
2327,-0.16701949
2328,-0.16701949
2329,-0.16960894
2330,-0.16701949
2331,-0.1683142
2332,-0.16960894
2333,-0.1683142
2334,-0.17090365
2335,-0.1734931
2336,-0.17090365
2337,-0.1734931
2338,-0.17737728
2339,-0.17090365
2340,-0.1734931
2341,-0.16960894
2342,-0.1734931
2343,-0.17090365
2344,-0.1734931
2345,-0.17090365
2346,-0.1734931
2347,-0.17090365
2348,-0.1734931
2349,-0.17090365
2350,-0.17219839
2351,-0.17219839
2352,-0.17090365
2353,-0.17219839
2354,-0.17090365
2355,-0.17478783
2356,-0.17090365
2357,-0.1734931
2358,-0.17090365
2359,-0.17478783
2360,-0.17090365
2361,-0.17090365
2362,-0.17219839
2363,-0.17219839
2364,-0.17219839
2365,-0.17090365
2366,-0.17219839
2367,-0.1734931
2368,-0.1683142
2369,-0.17090365
2370,-0.16960894
2371,-0.16960894
2372,-0.1734931
2373,-0.16572475
2374,-0.17219839
2375,-0.1683142
2376,-0.17090365
2377,-0.17090365
2378,-0.16701949
2379,-0.1734931
2380,-0.1683142
2381,-0.17090365
2382,-0.16960894
2383,-0.16960894
2384,-0.17090365
2385,-0.1683142
2386,-0.16960894
2387,-0.16960894
2388,-0.1683142
2389,-0.17090365
2390,-0.16701949
2391,-0.17219839
2392,-0.17090365
2393,-0.16701949
2394,-0.16960894
2395,-0.16960894
2396,-0.17219839
2397,-0.16572475
2398,-0.17090365
2399,-0.17090365
2400,-0.17090365
2401,-0.16960894
2402,-0.17090365
2403,-0.17219839
2404,-0.17090365
2405,-0.17090365
2406,-0.17090365
2407,-0.17219839
2408,-0.17090365
2409,-0.17090365
2410,-0.16960894
2411,-0.17219839
2412,-0.17090365
2413,-0.16960894
2414,-0.17090365
2415,-0.17090365
2416,-0.17219839
2417,-0.17090365
2418,-0.16960894
2419,-0.1734931
2420,-0.1683142
2421,-0.17219839
2422,-0.1683142
2423,-0.17090365
2424,-0.17219839
2425,-0.16701949
2426,-0.17478783
2427,-0.17090365
2428,-0.17219839
2429,-0.17090365
2430,-0.1683142
2431,-0.1734931
2432,-0.17219839
2433,-0.17608255
2434,-0.178672
2435,-0.17090365
2436,-0.17478783
2437,-0.17219839
2438,-0.17478783
2439,-0.17478783
2440,-0.17219839
2441,-0.17478783
2442,-0.1734931
2443,-0.17478783
2444,-0.1734931
2445,-0.1734931
2446,-0.1734931
2447,-0.1734931
2448,-0.1734931
2449,-0.1734931
2450,-0.1734931
2451,-0.17478783
2452,-0.1734931
2453,-0.17478783
2454,-0.1734931
2455,-0.17478783
2456,-0.1734931
2457,-0.1734931
2458,-0.1734931
2459,-0.1734931
2460,-0.17219839
2461,-0.1734931
2462,-0.1734931
2463,-0.17478783
2464,-0.17737728
2465,-0.17478783
2466,-0.17737728
2467,-0.17478783
2468,-0.17478783
2469,-0.17608255
2470,-0.17478783
2471,-0.17737728
2472,-0.17737728
2473,-0.17478783
2474,-0.17737728
2475,-0.17608255
2476,-0.17608255
2477,-0.17737728
2478,-0.1734931
2479,-0.178672
2480,-0.1734931
2481,-0.17478783
2482,-0.17737728
2483,-0.1734931
2484,-0.178672
2485,-0.17478783
2486,-0.17608255
2487,-0.17737728
2488,-0.17478783
2489,-0.17608255
2490,-0.17737728
2491,-0.17478783
2492,-0.17608255
2493,-0.1734931
2494,-0.17608255
2495,-0.17478783
2496,-0.17478783
2497,-0.17608255
2498,-0.17608255
2499,-0.17478783
2500,-0.17478783
2501,-0.17478783
2502,-0.17478783
2503,-0.17478783
2504,-0.1734931
2505,-0.17478783
2506,-0.17478783
2507,-0.17478783
2508,-0.17478783
2509,-0.17478783
2510,-0.17608255
2511,-0.17478783
2512,-0.17608255
2513,-0.17478783
2514,-0.17478783
2515,-0.1734931
2516,-0.1734931
2517,-0.17478783
2518,-0.17478783
2519,-0.17478783
2520,-0.1734931
2521,-0.17608255
2522,-0.17478783
2523,-0.17608255
2524,-0.17478783
2525,-0.1734931
2526,-0.17478783
2527,-0.17996673
2528,-0.17478783
2529,-0.18126145
2530,-0.18255618
2531,-0.17608255
2532,-0.17737728
2533,-0.1734931
2534,-0.178672
2535,-0.17478783
2536,-0.17737728
2537,-0.17737728
2538,-0.17737728
2539,-0.178672
2540,-0.17608255
2541,-0.17737728
2542,-0.17737728
2543,-0.17608255
2544,-0.17608255
2545,-0.17478783
2546,-0.17737728
2547,-0.17737728
2548,-0.17737728
2549,-0.17737728
2550,-0.17737728
2551,-0.17737728
2552,-0.17608255
2553,-0.17737728
2554,-0.17608255
2555,-0.17737728
2556,-0.17608255
2557,-0.17478783
2558,-0.17737728
2559,-0.17478783
2560,-0.18255618
2561,-0.178672
2562,-0.17996673
2563,-0.18126145
2564,-0.17608255
2565,-0.1838509
2566,-0.17608255
2567,-0.18126145
2568,-0.17737728
2569,-0.17996673
2570,-0.18126145
2571,-0.178672
2572,-0.17996673
2573,-0.17737728
2574,-0.18126145
2575,-0.17737728
2576,-0.18126145
2577,-0.17737728
2578,-0.17996673
2579,-0.18126145
2580,-0.17608255
2581,-0.18514563
2582,-0.1734931
2583,-0.18514563
2584,-0.17737728
2585,-0.17737728
2586,-0.18644035
2587,-0.17219839
2588,-0.18514563
2589,-0.17608255
2590,-0.178672
2591,-0.18255618
2592,-0.17996673
2593,-0.18126145
2594,-0.18126145
2595,-0.18126145
2596,-0.18126145
2597,-0.178672
2598,-0.18255618
2599,-0.17996673
2600,-0.178672
2601,-0.18126145
2602,-0.18126145
2603,-0.17996673
2604,-0.17996673
2605,-0.18126145
2606,-0.18255618
2607,-0.18255618
2608,-0.18126145
2609,-0.17996673
2610,-0.18126145
2611,-0.17996673
2612,-0.178672
2613,-0.18126145
2614,-0.17996673
2615,-0.18255618
2616,-0.17996673
2617,-0.18126145
2618,-0.18255618
2619,-0.18126145
2620,-0.18126145
2621,-0.17996673
2622,-0.18255618
2623,-0.18255618
2624,-0.1734931
2625,-0.19291398
2626,-0.178672
2627,-0.18126145
2628,-0.18255618
2629,-0.17478783
2630,-0.18773508
2631,-0.17478783
2632,-0.1838509
2633,-0.18126145
2634,-0.17737728
2635,-0.18514563
2636,-0.17608255
2637,-0.18126145
2638,-0.18126145
2639,-0.17737728
2640,-0.18255618
2641,-0.17608255
2642,-0.18255618
2643,-0.17996673
2644,-0.178672
2645,-0.1838509
2646,-0.17737728
2647,-0.18255618
2648,-0.17996673
2649,-0.178672
2650,-0.18514563
2651,-0.17608255
2652,-0.18255618
2653,-0.18126145
2654,-0.17996673
2655,-0.18126145
2656,-0.18255618
2657,-0.18255618
2658,-0.1838509
2659,-0.18126145
2660,-0.18255618
2661,-0.18255618
2662,-0.18255618
2663,-0.18126145
2664,-0.18126145
2665,-0.18255618
2666,-0.18126145
2667,-0.18126145
2668,-0.17996673
2669,-0.1838509
2670,-0.18255618
2671,-0.18126145
2672,-0.18255618
2673,-0.18255618
2674,-0.18255618
2675,-0.18255618
2676,-0.17996673
2677,-0.18255618
2678,-0.18255618
2679,-0.18255618
2680,-0.18255618
2681,-0.18255618
2682,-0.1838509
2683,-0.18126145
2684,-0.18255618
2685,-0.18255618
2686,-0.18255618
2687,-0.18255618
2688,-0.18644035
2689,-0.18644035
2690,-0.1890298
2691,-0.19032453
2692,-0.18773508
2693,-0.1942087
2694,-0.18644035
2695,-0.18644035
2696,-0.18514563
2697,-0.17996673
2698,-0.18514563
2699,-0.178672
2700,-0.18126145
2701,-0.17996673
2702,-0.178672
2703,-0.18126145
2704,-0.18126145
2705,-0.18514563
2706,-0.18514563
2707,-0.18773508
2708,-0.18773508
2709,-0.1890298
2710,-0.18773508
2711,-0.1890298
2712,-0.18773508
2713,-0.1890298
2714,-0.19032453
2715,-0.1838509
2716,-0.1890298
2717,-0.1838509
2718,-0.18514563
2719,40.198612
2720,40.190845
2721,40.18178
2722,40.17401
2723,40.16495
2724,40.155888
2725,40.146824
2726,40.14035
2727,40.12999
2728,40.122223
2729,40.11316
2730,40.105392
2731,40.097626
2732,40.088562
2733,40.0795
2734,40.07173
2735,40.062664
2736,40.054897
2737,40.045834
2738,40.038067
2739,40.030296
2740,40.021236
2741,40.012173
2742,40.004402
2743,39.996635
2744,39.98757
2745,39.9798
2746,39.97074
2747,39.961678
2748,39.955204
2749,39.94614
2750,39.937077
2751,36.103397
2752,36.09563
2753,36.089157
2754,36.080093
2755,36.07362
2756,36.06585
2757,36.05679
2758,36.05161
2759,36.043842
2760,36.03607
2761,36.028305
2762,36.02183
2763,36.014065
2764,36.006294
2765,35.998524
2766,35.990757
2767,35.984283
2768,35.976513
2769,35.968746
2770,35.962273
2771,35.954506
2772,35.945442
2773,35.93897
2774,35.931202
2775,35.92473
2776,35.916958
2777,35.909187
2778,35.90142
2779,35.894947
2780,35.88718
2781,35.87941
2782,35.871643
2783,32.568798
2784,32.562325
2785,32.55585
2786,32.549377
2787,32.5442
2788,32.537727
2789,32.531254
2790,32.52478
2791,32.5196
2792,32.513126
2793,32.505356
2794,32.50018
2795,32.493706
2796,32.485935
2797,32.48076
2798,32.474285
2799,32.46781
2800,32.461338
2801,32.456158
2802,32.449684
2803,32.44321
2804,32.436737
2805,32.430264
2806,32.425083
2807,32.41861
2808,32.412136
2809,32.405663
2810,32.39919
2811,32.392715
2812,32.38754
2813,32.381065
2814,32.37459
2815,29.514544
2816,29.509365
2817,29.504187
2818,29.497713
2819,29.492535
2820,29.486061
2821,29.480883
2822,29.475702
2823,29.469229
2824,29.46405
2825,29.457577
2826,29.452396
2827,29.445923
2828,29.440744
2829,29.435566
2830,29.430386
2831,29.423914
2832,29.418734
2833,29.41226
2834,29.407082
2835,29.400608
2836,29.39543
2837,29.390251
2838,29.383778
2839,29.3786
2840,29.372124
2841,29.366945
2842,29.361765
2843,29.356586
2844,29.351408
2845,29.344934
2846,29.339756
2847,26.818928
2848,26.81375
2849,26.80857
2850,26.803389
2851,26.799505
2852,26.794327
2853,26.790443
2854,26.785263
2855,26.780085
2856,26.774906
2857,26.768433
2858,26.76455
2859,26.75937
2860,26.755486
2861,26.750307
2862,26.745129
2863,26.73995
2864,26.734772
2865,26.729591
2866,26.725708
2867,26.720528
2868,26.715347
2869,26.711464
2870,26.706285
2871,26.701107
2872,26.697222
2873,26.692043
2874,26.686865
2875,26.681686
2876,26.676508
2877,26.67133
2878,26.666151
2879,24.116837
2880,24.111658
2881,24.10648
2882,24.101301
2883,24.09612
2884,24.090942
2885,24.085764
2886,24.08188
2887,24.076702
2888,24.070225
2889,24.066341
2890,24.059868
2891,24.055984
2892,24.050806
2893,24.045626
2894,24.040447
2895,24.035269
2896,24.03009
2897,24.024912
2898,24.021027
2899,24.014553
2900,24.009375
2901,24.004196
2902,23.999018
2903,23.99384
2904,23.98866
2905,23.983479
2906,23.979595
2907,23.974417
2908,23.969238
2909,23.964058
2910,23.960175
2911,21.65168
2912,21.647797
2913,21.643911
2914,21.638733
2915,21.63485
2916,21.629671
2917,21.625786
2918,21.620607
2919,21.616724
2920,21.612839
2921,21.60766
2922,21.603777
2923,21.599894
2924,21.594713
2925,21.589535
2926,21.585651
2927,21.581764
2928,21.57788
2929,21.572702
2930,21.568817
2931,21.563639
2932,21.56105
2933,21.554577
2934,21.550692
2935,21.545513
2936,21.54163
2937,21.537745
2938,21.532566
2939,21.528683
2940,21.523504
2941,21.519619
2942,21.51444
2943,19.444176
2944,19.44029
2945,19.435112
2946,19.431229
2947,19.427343
2948,19.422165
2949,19.419577
2950,19.414396
2951,19.410513
2952,19.406628
2953,19.402744
2954,19.397566
2955,19.39368
2956,19.389797
2957,19.384619
2958,19.380733
2959,19.37685
2960,19.372967
2961,19.367786
2962,19.363901
2963,19.360018
2964,19.356134
2965,19.35225
2966,19.34707
2967,19.343187
2968,19.339302
2969,19.334124
2970,19.331535
2971,19.326355
2972,19.322472
2973,19.318586
2974,19.313408
2975,17.458067
2976,17.452888
2977,17.449005
2978,17.446415
2979,17.442532
2980,17.438646
2981,17.436058
2982,17.432173
2983,17.42829
2984,17.424406
2985,17.42052
2986,17.416636
2987,17.414047
2988,17.410162
2989,17.406279
2990,17.403688
2991,17.399805
2992,17.395922
2993,17.392036
2994,17.389448
2995,17.385563
2996,17.38168
2997,17.377794
2998,17.37391
2999,17.37132
3000,17.367437
3001,17.363552
3002,17.360964
3003,17.358374
3004,17.35449
3005,17.350605
3006,17.346722
3007,15.671348
3008,15.668758
3009,15.666168
3010,15.662285
3011,15.659696
3012,15.655811
3013,15.651927
3014,15.648043
3015,15.645453
3016,15.641569
3017,15.638979
3018,15.635095
3019,15.631211
3020,15.627327
3021,15.624738
3022,15.622148
3023,15.618264
3024,15.615675
3025,15.613085
3026,15.609201
3027,15.606612
3028,15.602728
3029,15.600139
3030,15.594958
3031,15.592369
3032,15.58978
3033,15.585896
3034,15.583306
3035,15.579422
3036,15.576833
3037,15.572948
3038,15.570359
3039,14.054236
3040,14.052941
3041,14.049057
3042,14.046468
3043,14.043879
3044,14.041289
3045,14.0387
3046,14.036111
3047,14.033522
3048,14.029637
3049,14.027048
3050,14.023163
3051,14.020574
3052,14.017983
3053,14.015394
3054,14.01151
3055,14.010216
3056,14.006331
3057,14.003742
3058,14.001153
3059,13.997269
3060,13.994679
3061,13.99209
3062,13.988206
3063,13.985617
3064,13.983027
3065,13.979142
3066,13.976553
3067,13.972669
3068,13.970079
3069,13.96749
3070,13.9649
3071,-42.425537
3072,-42.425537
3073,-42.425537
3074,-42.425537
3075,-42.425537
3076,-42.425537
3077,-42.425537
3078,-42.425537
3079,-42.425537
3080,-42.425537
3081,-42.425537
3082,-42.425537
3083,-42.425537
3084,-42.425537
3085,-42.425537
3086,-42.425537
3087,-42.425537
3088,-42.425537
3089,-42.425537
3090,-42.425537
3091,-42.425537
3092,-42.425537
3093,-42.425537
3094,-42.425537
3095,-42.425537
3096,-42.425537
3097,-42.425537
3098,-42.425537
3099,-42.425537
3100,-42.425537
3101,-42.425537
3102,-42.425537
3103,-42.425537
3104,-42.425537
3105,-42.425537
3106,-42.425537
3107,-42.425537
3108,-42.425537
3109,-42.425537
3110,-42.425537
3111,-42.425537
3112,-42.425537
3113,-42.425537
3114,-42.425537
3115,-42.425537
3116,-42.425537
3117,-42.425537
3118,-42.425537
3119,-42.425537
3120,-42.425537
3121,-42.425537
3122,-42.425537
3123,-42.425537
3124,-42.425537
3125,-42.425537
3126,-42.425537
3127,-42.425537
3128,-42.425537
3129,-42.425537
3130,-42.425537
3131,-42.425537
3132,-42.425537
3133,-42.425537
3134,-42.425537
3135,-38.78736
3136,-38.778297
3137,-38.769238
3138,-38.761467
3139,-38.752407
3140,-38.744637
3141,-38.734276
3142,-38.72651
3143,-38.720036
3144,-38.71097
3145,-38.701912
3146,-38.69155
3147,-38.685078
3148,-38.676018
3149,-38.664364
3150,-38.66048
3151,-38.648827
3152,-38.641056
3153,-38.631996
3154,-38.622932
3155,-38.61646
3156,-38.607395
3157,-38.59963
3158,-38.58927
3159,-38.5815
3160,-38.573734
3161,-38.563374
3162,-38.555607
3163,-38.546543
3164,-38.538776
3165,-38.529713
3166,-38.52065
3167,-34.688263
3168,-34.68697
3169,-34.677906
3170,-34.66755
3171,-34.66755
3172,-34.64942
3173,-34.650715
3174,-34.639065
3175,-34.63
3176,-34.63
3177,-34.611877
3178,-34.61576
3179,-34.600224
3180,-34.595043
3181,-34.59116
3182,-34.575623
3183,-34.579506
3184,-34.560085
3185,-34.560085
3186,-34.54973
3187,-34.543255
3188,-34.53678
3189,-34.52513
3190,-34.523834
3191,-34.510887
3192,-34.50959
3193,-34.496643
3194,-34.494053
3195,-34.482403
3196,-34.477222
3197,-34.469456
3198,-34.4591
3199,-31.13554
3200,-31.127771
3201,-31.126476
3202,-31.114824
3203,-31.109644
3204,-31.101875
3205,-31.095402
3206,-31.088928
3207,-31.081161
3208,-31.077276
3209,-31.069508
3210,-31.063036
3211,-31.056562
3212,-31.051382
3213,-31.043615
3214,-31.037142
3215,-31.031963
3216,-31.025486
3217,-31.016424
3218,-31.011246
3219,-31.006067
3220,-30.998299
3221,-30.991825
3222,-30.985352
3223,-30.980173
3224,-30.9737
3225,-30.967226
3226,-30.960752
3227,-30.954279
3228,-30.947803
3229,-30.940035
3230,-30.933561
3231,-28.032084
3232,-28.02561
3233,-28.021727
3234,-28.015253
3235,-28.011368
3236,-28.003601
3237,-27.998423
3238,-27.993242
3239,-27.988064
3240,-27.98159
3241,-27.975117
3242,-27.969938
3243,-27.964758
3244,-27.958284
3245,-27.95181
3246,-27.947926
3247,-27.940159
3248,-27.937569
3249,-27.9298
3250,-27.925917
3251,-27.919443
3252,-27.914265
3253,-27.909086
3254,-27.901318
3255,-27.897434
3256,-27.889666
3257,-27.885782
3258,-27.879305
3259,-27.875422
3260,-27.867653
3261,-27.86377
3262,-27.857296
3263,-25.314459
3264,-25.311867
3265,-25.304098
3266,-25.30151
3267,-25.29633
3268,-25.289856
3269,-25.287268
3270,-25.278204
3271,-25.275616
3272,-25.269142
3273,-25.263964
3274,-25.262669
3275,-25.2549
3276,-25.251017
3277,-25.245838
3278,-25.24066
3279,-25.23807
3280,-25.231596
3281,-25.22512
3282,-25.221235
3283,-25.214762
3284,-25.210878
3285,-25.2057
3286,-25.199226
3287,-25.197931
3288,-25.191458
3289,-25.184984
3290,-25.182396
3291,-25.175922
3292,-25.172037
3293,-25.166859
3294,-25.160385
3295,-22.923101
3296,-22.920511
3297,-22.920511
3298,-22.91145
3299,-22.907562
3300,-22.903679
3301,-22.8985
3302,-22.893322
3303,-22.889437
3304,-22.882963
3305,-22.87908
3306,-22.875196
3307,-22.871311
3308,-22.867428
3309,-22.86225
3310,-22.85966
3311,-22.85448
3312,-22.850597
3313,-22.844124
3314,-22.841534
3315,-22.83765
3316,-22.829882
3317,-22.828587
3318,-22.820816
3319,-22.820816
3320,-22.813047
3321,-22.81046
3322,-22.806574
3323,-22.801395
3324,-22.797512
3325,-22.792334
3326,-22.788448
3327,-20.806225
3328,-20.802341
3329,-20.799751
3330,-20.795868
3331,-20.791985
3332,-20.785511
3333,-20.784216
3334,-20.779037
3335,-20.775152
3336,-20.771267
3337,-20.766088
3338,-20.766088
3339,-20.76091
3340,-20.755732
3341,-20.753141
3342,-20.747963
3343,-20.745375
3344,-20.740196
3345,-20.735016
3346,-20.735016
3347,-20.728542
3348,-20.727247
3349,-20.719479
3350,-20.71689
3351,-20.715595
3352,-20.709122
3353,-20.706532
3354,-20.701353
3355,-20.698765
3356,-20.69488
3357,-20.6897
3358,-20.68711
3359,-18.928875
3360,-18.926285
3361,-18.921106
3362,-18.919813
3363,-18.915928
3364,-18.910748
3365,-18.906864
3366,-18.904274
3367,-18.90039
3368,-18.896507
3369,-18.892622
3370,-18.891329
3371,-18.887444
3372,-18.88356
3373,-18.879675
3374,-18.878382
3375,-18.873203
3376,-18.870611
3377,-18.865433
3378,-18.862844
3379,-18.860254
3380,-18.85378
3381,-18.85378
3382,-18.848602
3383,-18.847307
3384,-18.842129
3385,-18.83695
3386,-18.839539
3387,-18.831772
3388,-18.830477
3389,-18.822706
3390,-18.821413
3391,-17.256092
3392,-17.252207
3393,-17.256092
3394,-17.245733
3395,-17.244438
3396,-17.240553
3397,-17.237965
3398,-17.235374
3399,-17.231491
3400,-17.226313
3401,-17.225018
3402,-17.221134
3403,-17.218544
3404,-17.213364
3405,-17.212069
3406,-17.20948
3407,-17.205597
3408,-17.204302
3409,-17.200417
3410,-17.199123
3411,-17.193943
3412,-17.19006
3413,-17.188765
3414,-17.183586
3415,-17.180998
3416,-17.178408
3417,-17.174524
3418,-17.17323
3419,-17.169344
3420,-17.166754
3421,-17.16287
3422,-17.161575
3423,-15.755505
3424,-15.752915
3425,-15.750325
3426,-15.747736
3427,-15.747736
3428,-15.741262
3429,-15.741262
3430,-15.738673
3431,-15.736084
3432,-15.7322
3433,-15.72961
3434,-15.727021
3435,-15.724432
3436,-15.7179575
3437,-15.719252
3438,-15.714073
3439,-15.714073
3440,-15.710189
3441,-15.7076
3442,-15.7076
3443,-15.701126
3444,-15.699832
3445,-15.695948
3446,-15.694653
3447,-15.690769
3448,-15.686885
3449,-15.68559
3450,-15.681706
3451,-15.681706
3452,-15.677821
3453,-15.673937
3454,-15.673937
3455,-14.408992
3456,-14.4051075
3457,-14.402518
3458,-14.401223
3459,-14.397339
3460,-14.394749
3461,-14.393454
3462,-14.38957
3463,-14.388275
3464,-14.385686
3465,-14.384391
3466,-14.380507
3467,-14.376623
3468,-14.375328
3469,-14.372739
3470,-14.371444
3471,-14.366265
3472,-14.366265
3473,-14.363676
3474,-14.361087
3475,-14.358498
3476,-14.355908
3477,-14.354612
3478,-14.350728
3479,-14.348139
3480,-14.34555
3481,-14.342959
3482,-14.341665
3483,-14.336487
3484,-14.336487
3485,-14.3326025
3486,-14.331307
3487,-13.191949
3488,-13.18936
3489,-13.193244
3490,-13.18677
3491,-13.182886
3492,-13.181592
3493,-13.179003
3494,-13.177708
3495,-13.175118
3496,-13.16994
3497,-13.172529
3498,-13.166056
3499,-13.166056
3500,-13.162171
3501,-13.159582
3502,-13.160877
3503,-13.153108
3504,-13.155698
3505,-13.151813
3506,-13.151813
3507,-13.147929
3508,-13.14275
3509,-13.144045
3510,-13.138866
3511,-13.137571
3512,-13.134982
3513,-13.132393
3514,-13.132393
3515,-13.128509
3516,-13.1272135
3517,-13.125919
3518,-13.12074
3519,-12.090139
3520,-12.090139
3521,-12.088844
3522,-12.084961
3523,-12.086255
3524,-12.078487
3525,-12.083666
3526,-12.075896
3527,-12.078487
3528,-12.072013
3529,-12.072013
3530,-12.069423
3531,-12.0668335
3532,-12.068129
3533,-12.061655
3534,-12.06295
3535,-12.057771
3536,-12.059066
3537,-12.056477
3538,-12.053887
3539,-12.052592
3540,-12.047414
3541,-12.050003
3542,-12.0435295
3543,-12.0435295
3544,-12.04094
3545,-12.037056
3546,-12.04094
3547,-12.031876
3548,-12.034466
3549,-12.033171
3550,-12.026697
3551,-11.091907
3552,-11.088023
3553,-11.086728
3554,-11.085433
3555,-11.081548
3556,-11.081548
3557,-11.077664
3558,-11.0789585
3559,-11.07378
3560,-11.07378
3561,-11.072485
3562,-11.071191
3563,-11.068602
3564,-11.0673065
3565,-11.062128
3566,-11.063422
3567,-11.058244
3568,-11.059539
3569,-11.055655
3570,-11.055655
3571,-11.053065
3572,-11.050475
3573,-11.050475
3574,-11.047886
3575,-11.046592
3576,-11.042707
3577,-11.042707
3578,-11.040117
3579,-11.037527
3580,-11.036233
3581,-11.033644
3582,-11.033644
3583,-10.168768
3584,-10.181715
3585,-10.168768
3586,-10.172652
3587,-10.167473
3588,-10.160999
3589,-10.171357
3590,-10.15582
3591,-10.162294
3592,-10.160999
3593,-10.151937
3594,-10.162294
3595,-10.148052
3596,-10.153231
3597,-10.154526
3598,-10.142874
3599,-10.153231
3600,-10.141579
3601,-10.144168
3602,-10.145463
3603,-10.135105
3604,-10.142874
3605,-10.13381
3606,-10.136399
3607,-10.135105
3608,-10.1273365
3609,-10.135105
3610,-10.124747
3611,-10.128632
3612,-10.124747
3613,-10.122158
3614,-10.124747
3615,-9.33626
3616,-9.334966
3617,-9.333671
3618,-9.332376
3619,-9.329786
3620,-9.329786
3621,-9.329786
3622,-9.325902
3623,-9.324607
3624,-9.322018
3625,-9.322018
3626,-9.319428
3627,-9.316839
3628,-9.318133
3629,-9.31425
3630,-9.315544
3631,-9.310365
3632,-9.310365
3633,-9.309071
3634,-9.3077755
3635,-9.305186
3636,-9.303891
3637,-9.303891
3638,-9.301302
3639,-9.298713
3640,-9.297418
3641,-9.2961235
3642,-9.294828
3643,-9.292239
3644,-9.292239
3645,-9.290945
3646,-9.288355
3647,-8.565899
3648,-8.573667
3649,-8.5607195
3650,-8.569783
3651,-8.559424
3652,-8.5607195
3653,-8.564604
3654,-8.552952
3655,-8.563309
3656,-8.552952
3657,-8.556835
3658,-8.555541
3659,-8.5490675
3660,-8.554246
3661,-8.545183
3662,-8.550362
3663,-8.543888
3664,-8.545183
3665,-8.545183
3666,-8.540004
3667,-8.543888
3668,-8.537415
3669,-8.541299
3670,-8.532236
3671,-8.536119
3672,-8.532236
3673,-8.530941
3674,-8.532236
3675,-8.523172
3676,-8.532236
3677,-8.520583
3678,-8.528352
3679,-7.856389
3680,-7.8602734
3681,-7.8628635
3682,-7.852505
3683,-7.8550944
3684,-7.849916
3685,-7.852505
3686,-7.8486214
3687,-7.8473263
3688,-7.844737
3689,-7.844737
3690,-7.844737
3691,-7.840853
3692,-7.840853
3693,-7.840853
3694,-7.838263
3695,-7.8369684
3696,-7.835674
3697,-7.834379
3698,-7.834379
3699,-7.8292003
3700,-7.830495
3701,-7.8292003
3702,-7.826611
3703,-7.825316
3704,-7.8240213
3705,-7.825316
3706,-7.8240213
3707,-7.821432
3708,-7.8201375
3709,-7.8175473
3710,-7.8162527
3711,-7.199964
3712,-7.199964
3713,-7.1986694
3714,-7.1973743
3715,-7.194785
3716,-7.1960797
3717,-7.1921954
3718,-7.1921954
3719,-7.189606
3720,-7.189606
3721,-7.1883116
3722,-7.187017
3723,-7.187017
3724,-7.185722
3725,-7.181838
3726,-7.1831326
3727,-7.179249
3728,-7.181838
3729,-7.177954
3730,-7.177954
3731,-7.175364
3732,-7.175364
3733,-7.1740694
3734,-7.172775
3735,-7.1714797
3736,-7.170185
3737,-7.1688905
3738,-7.167596
3739,-7.1650066
3740,-7.1663013
3741,-7.162417
3742,-7.162417
3743,-6.596622
3744,-6.591443
3745,-6.592738
3746,-6.588854
3747,-6.587559
3748,-6.588854
3749,-6.5836754
3750,-6.5862646
3751,-6.58497
3752,-6.5810857
3753,-6.58497
3754,-6.579791
3755,-6.579791
3756,-6.579791
3757,-6.5746117
3758,-6.5784965
3759,-6.5720224
3760,-6.573317
3761,-6.5746117
3762,-6.570728
3763,-6.5720224
3764,-6.568138
3765,-6.568138
3766,-6.568138
3767,-6.565549
3768,-6.5642543
3769,-6.565549
3770,-6.56037
3771,-6.561665
3772,-6.5590754
3773,-6.5577807
3774,-6.5590754
3775,-6.0282383
3776,-6.0308275
3777,-6.0282383
3778,-6.0269437
3779,-6.0269437
3780,-6.024354
3781,-6.0230594
3782,-6.02047
3783,-6.02047
3784,-6.0178804
3785,-6.0191755
3786,-6.0165854
3787,-6.0165854
3788,-6.0152907
3789,-6.0152907
3790,-6.0127015
3791,-6.0114064
3792,-6.0114064
3793,-6.010112
3794,-6.0075226
3795,-6.0075226
3796,-6.006228
3797,-6.0049334
3798,-6.0036383
3799,-6.0036383
3800,-6.0036383
3801,-6.001049
3802,-6.001049
3803,-5.9997544
3804,-6.001049
3805,-5.997165
3806,-5.9932804
3807,-5.4986954
3808,-5.5012856
3809,-5.4974008
3810,-5.496106
3811,-5.496106
3812,-5.4948115
3813,-5.493517
3814,-5.4948115
3815,-5.492222
3816,-5.492222
3817,-5.4896326
3818,-5.488338
3819,-5.488338
3820,-5.485749
3821,-5.4870434
3822,-5.484454
3823,-5.485749
3824,-5.484454
3825,-5.4818645
3826,-5.483159
3827,-5.4779797
3828,-5.48057
3829,-5.4779797
3830,-5.476685
3831,-5.476685
3832,-5.474096
3833,-5.4753904
3834,-5.4715066
3835,-5.472801
3836,-5.472801
3837,-5.4715066
3838,-5.470212
3839,-5.0067
3840,-5.0092897
3841,-5.0054054
3842,-5.004111
3843,-5.004111
3844,-5.002816
3845,-5.004111
3846,-5.000227
3847,-5.0015216
3848,-4.9989324
3849,-4.9989324
3850,-4.9963427
3851,-4.9963427
3852,-4.9963427
3853,-4.9950476
3854,-4.993753
3855,-4.9924583
3856,-4.9924583
3857,-4.9911637
3858,-4.989869
3859,-4.9885745
3860,-4.989869
3861,-4.98728
3862,-4.985985
3863,-4.985985
3864,-4.98469
3865,-4.98469
3866,-4.980806
3867,-4.983395
3868,-4.980806
3869,-4.980806
3870,-4.9782166
3871,-4.548368
3872,-4.5522523
3873,-4.5496626
3874,-4.547073
3875,-4.5457783
3876,-4.5444837
3877,-4.543189
3878,-4.5418944
3879,-4.543189
3880,-4.5393047
3881,-4.5418944
3882,-4.53801
3883,-4.5405993
3884,-4.5393047
3885,-4.5367155
3886,-4.5367155
3887,-4.5354204
3888,-4.5354204
3889,-4.534126
3890,-4.5315366
3891,-4.5315366
3892,-4.528947
3893,-4.5302415
3894,-4.528947
3895,-4.5276523
3896,-4.5276523
3897,-4.5263577
3898,-4.5276523
3899,-4.525063
3900,-4.525063
3901,-4.5224733
3902,-4.5211787
3903,-4.119814
3904,-4.1159296
3905,-4.119814
3906,-4.112046
3907,-4.1185193
3908,-4.114635
3909,-4.112046
3910,-4.114635
3911,-4.110751
3912,-4.1133404
3913,-4.109456
3914,-4.1081614
3915,-4.109456
3916,-4.1055717
3917,-4.1081614
3918,-4.1055717
3919,-4.1055717
3920,-4.106867
3921,-4.1029825
3922,-4.104277
3923,-4.101688
3924,-4.101688
3925,-4.1003933
3926,-4.0978036
3927,-4.1003933
3928,-4.096509
3929,-4.0978036
3930,-4.096509
3931,-4.096509
3932,-4.096509
3933,-4.095214
3934,-4.0939193
3935,-3.7119756
3936,-3.710681
3937,-3.709386
3938,-3.710681
3939,-3.7080915
3940,-3.7080915
3941,-3.7080915
3942,-3.706797
3943,-3.706797
3944,-3.705502
3945,-3.7042074
3946,-3.7029128
3947,-3.7029128
3948,-3.7029128
3949,-3.6990285
3950,-3.7016177
3951,-3.700323
3952,-3.6990285
3953,-3.6990285
3954,-3.6977336
3955,-3.6977336
3956,-3.6951444
3957,-3.6951444
3958,-3.6938496
3959,-3.6938496
3960,-3.692555
3961,-3.6912599
3962,-3.6912599
3963,-3.6899652
3964,-3.6899652
3965,-3.6899652
3966,-3.6886706
3967,-3.3313267
3968,-3.3352108
3969,-3.3339162
3970,-3.330032
3971,-3.3274424
3972,-3.328737
3973,-3.3274424
3974,-3.324853
3975,-3.3274424
3976,-3.3235583
3977,-3.3261478
3978,-3.3222637
3979,-3.324853
3980,-3.3235583
3981,-3.3209689
3982,-3.3222637
3983,-3.3209689
3984,-3.3196743
3985,-3.3196743
3986,-3.3170846
3987,-3.3196743
3988,-3.31579
3989,-3.3170846
3990,-3.314495
3991,-3.314495
3992,-3.31579
3993,-3.3119059
3994,-3.3132005
3995,-3.3106112
3996,-3.3119059
3997,-3.3106112
3998,-3.3080215
3999,-31.108349
