0,-0.0038841742
1,0.0
2,0.0012947246
3,0.0012947246
4,0.0038841742
5,-0.0051788986
6,0.0051788986
7,-0.0025894493
8,0.0038841742
9,0.0
10,-0.0038841742
11,0.0038841742
12,-0.0038841742
13,0.006473623
14,-0.0025894493
15,0.0012947246
16,0.0012947246
17,-0.0012947246
18,0.006473623
19,-0.0038841742
20,0.0012947246
21,0.0
22,-0.0012947246
23,0.0051788986
24,-0.0025894493
25,0.0
26,0.0
27,0.0025894493
28,0.0025894493
29,-0.0012947246
30,0.0012947246
31,0.0038841742
32,-0.0012947246
33,0.0
34,0.0
35,0.0038841742
36,0.0012947246
37,-0.0012947246
38,0.0
39,0.0012947246
40,0.0025894493
41,0.0
42,0.0
43,0.0
44,0.0012947246
45,0.0012947246
46,0.0012947246
47,0.0
48,0.0
49,0.0
50,0.0025894493
51,0.0012947246
52,0.0
53,0.0
54,0.0012947246
55,0.0038841742
56,0.0012947246
57,-0.0012947246
58,0.0
59,0.0012947246
60,0.0038841742
61,0.0
62,0.0025894493
63,0.0012947246
64,0.0038841742
65,-0.0025894493
66,0.0051788986
67,0.0
68,0.0038841742
69,0.0012947246
70,-0.0025894493
71,0.0051788986
72,0.0
73,0.0038841742
74,0.0012947246
75,-0.0025894493
76,0.006473623
77,-0.0012947246
78,0.0038841742
79,0.0012947246
80,-0.0038841742
81,0.006473623
82,-0.0012947246
83,0.0038841742
84,-0.020715594
85,-0.006473623
86,0.0077683483
87,-0.0012947246
88,0.006473623
89,-0.0012947246
90,-0.0012947246
91,0.0051788986
92,-0.0012947246
93,0.0038841742
94,0.0025894493
95,0.0025894493
96,0.0012947246
97,-0.0012947246
98,0.0025894493
99,0.0038841742
100,0.0025894493
101,0.0012947246
102,0.0
103,0.0025894493
104,0.0025894493
105,0.0025894493
106,0.0
107,0.0
108,0.0012947246
109,0.0012947246
110,0.0038841742
111,0.0
112,0.0
113,0.0012947246
114,0.0025894493
115,0.0038841742
116,0.0
117,0.0
118,0.0012947246
119,0.0025894493
120,0.0025894493
121,-0.0012947246
122,0.0012947246
123,0.0025894493
124,0.0038841742
125,0.0025894493
126,0.0038841742
127,0.0
128,0.0
129,-0.0012947246
130,-0.0012947246
131,0.0025894493
132,-0.0012947246
133,0.0038841742
134,-0.0051788986
135,0.0038841742
136,-0.0012947246
137,0.0025894493
138,0.0012947246
139,-0.0038841742
140,0.0051788986
141,-0.0051788986
142,0.0077683483
143,-0.0038841742
144,0.0
145,0.0012947246
146,-0.0025894493
147,0.0077683483
148,-0.0077683483
149,0.0051788986
150,-0.0025894493
151,0.0012947246
152,0.0038841742
153,-0.0051788986
154,0.0038841742
155,-0.006473623
156,0.006473623
157,-0.0025894493
158,0.0025894493
159,0.0012947246
160,0.0025894493
161,-0.0025894493
162,0.0012947246
163,0.0025894493
164,0.0012947246
165,0.0025894493
166,-0.0012947246
167,0.0025894493
168,0.0012947246
169,0.0025894493
170,0.0025894493
171,-0.0012947246
172,0.0
173,0.0
174,0.0025894493
175,0.0012947246
176,-0.0012947246
177,0.0
178,0.0038841742
179,0.0
180,-0.01942087
181,-0.0025894493
182,0.0025894493
183,0.0025894493
184,0.0025894493
185,0.0
186,0.0012947246
187,0.0012947246
188,0.0012947246
189,0.0025894493
190,0.0012947246
191,0.0038841742
192,0.0012947246
193,0.0
194,0.0
195,0.0012947246
196,0.0051788986
197,0.0
198,0.0038841742
199,-0.0025894493
200,0.0038841742
201,0.0012947246
202,0.0038841742
203,-0.0025894493
204,0.0012947246
205,0.0012947246
206,0.0038841742
207,0.0012947246
208,0.0012947246
209,0.0012947246
210,0.0012947246
211,0.0038841742
212,0.0
213,0.0012947246
214,0.0012947246
215,0.0012947246
216,0.0025894493
217,0.0012947246
218,0.0012947246
219,0.0012947246
220,0.0025894493
221,0.0038841742
222,0.0
223,0.0051788986
224,0.0
225,0.0
226,-0.0012947246
227,-0.0012947246
228,0.0025894493
229,0.0
230,0.0
231,0.0
232,0.0
233,0.0051788986
234,0.0012947246
235,0.0
236,0.0012947246
237,-0.0025894493
238,0.0025894493
239,0.0
240,0.0
241,-0.0012947246
242,0.0
243,0.0038841742
244,0.0012947246
245,-0.0012947246
246,0.0012947246
247,0.0025894493
248,0.0025894493
249,0.0
250,-0.0012947246
251,0.0
252,0.0
253,0.0012947246
254,0.0012947246
255,0.0012947246
256,0.0025894493
257,-0.0012947246
258,0.0012947246
259,0.0
260,0.0012947246
261,0.0012947246
262,-0.0012947246
263,-0.0012947246
264,-0.0012947246
265,0.0025894493
266,0.0025894493
267,-0.0012947246
268,0.0
269,0.0
270,0.0012947246
271,0.0025894493
272,-0.0012947246
273,0.0
274,0.0
275,-0.0012947246
276,-0.01683142
277,0.0
278,-0.0012947246
279,0.0012947246
280,0.0012947246
281,0.0012947246
282,0.0
283,-0.0012947246
284,0.0
285,0.0012947246
286,0.0012947246
287,0.0
288,0.0038841742
289,0.0012947246
290,0.0012947246
291,0.0012947246
292,0.0
293,0.0038841742
294,0.0012947246
295,-0.0012947246
296,0.0012947246
297,0.0012947246
298,0.0051788986
299,0.0
300,-0.0012947246
301,0.0025894493
302,0.0012947246
303,0.0038841742
304,-0.0012947246
305,0.0012947246
306,0.0012947246
307,0.0012947246
308,0.0025894493
309,0.0
310,0.0
311,0.0
312,0.0012947246
313,0.0038841742
314,0.0
315,-0.0012947246
316,0.0012947246
317,0.0025894493
318,0.0012947246
319,0.0
320,0.0038841742
321,0.0012947246
322,-0.0012947246
323,0.0012947246
324,-0.0012947246
325,0.0051788986
326,0.0025894493
327,0.0012947246
328,0.0
329,0.0012947246
330,0.0051788986
331,0.0012947246
332,-0.0012947246
333,0.0012947246
334,0.0012947246
335,0.0038841742
336,0.0012947246
337,0.0
338,0.0025894493
339,0.0012947246
340,0.0038841742
341,0.0012947246
342,0.0012947246
343,0.0012947246
344,0.0012947246
345,0.0038841742
346,0.0
347,-0.0012947246
348,-0.0012947246
349,0.0038841742
350,0.0
351,0.0012947246
352,0.0038841742
353,0.0
354,0.0
355,0.0
356,0.0
357,0.0012947246
358,0.0012947246
359,-0.0012947246
360,0.0
361,0.0
362,0.0025894493
363,0.0012947246
364,-0.0012947246
365,0.0
366,0.0012947246
367,0.0012947246
368,0.0
369,-0.0025894493
370,0.0
371,-0.0051788986
372,-0.015536697
373,0.0025894493
374,-0.0012947246
375,0.0012947246
376,0.0
377,0.0038841742
378,0.0012947246
379,-0.0025894493
380,-0.0012947246
381,0.0012947246
382,0.0
383,0.0
384,0.0
385,0.0038841742
386,-0.0025894493
387,0.0
388,0.0
389,0.0
390,0.0051788986
391,-0.0038841742
392,0.0
393,0.0012947246
394,0.0
395,0.0038841742
396,-0.0025894493
397,0.0012947246
398,0.0025894493
399,0.0012947246
400,0.0038841742
401,-0.0025894493
402,0.0
403,0.0
404,0.0
405,0.0025894493
406,-0.0025894493
407,0.0
408,0.0
409,0.0012947246
410,0.0025894493
411,-0.0012947246
412,0.0012947246
413,0.0
414,0.0
415,0.0
416,0.0038841742
417,0.0025894493
418,0.0012947246
419,0.0
420,0.0012947246
421,0.0025894493
422,0.0025894493
423,0.0012947246
424,0.0
425,0.0012947246
426,0.0012947246
427,0.0012947246
428,0.0012947246
429,0.0
430,0.0012947246
431,0.0025894493
432,0.0025894493
433,0.0012947246
434,0.0
435,0.0012947246
436,0.0025894493
437,0.0025894493
438,0.0
439,-0.0012947246
440,0.0025894493
441,0.0012947246
442,0.0025894493
443,0.0
444,0.0
445,0.0025894493
446,0.0012947246
447,0.0
448,0.0012947246
449,0.0051788986
450,0.0012947246
451,0.0
452,0.0012947246
453,0.0
454,0.0051788986
455,-0.0025894493
456,0.0012947246
457,0.0
458,0.0012947246
459,0.0051788986
460,-0.0025894493
461,0.0038841742
462,0.0
463,0.0012947246
464,0.0051788986
465,-0.0012947246
466,0.0038841742
467,-0.006473623
468,-0.01683142
469,0.0077683483
470,-0.0038841742
471,0.0038841742
472,-0.0012947246
473,0.0038841742
474,0.0051788986
475,-0.0012947246
476,0.0025894493
477,-0.0012947246
478,0.0025894493
479,-0.0038841742
480,0.0
481,0.006473623
482,-0.0051788986
483,0.006473623
484,-0.0077683483
485,0.006473623
486,-0.0025894493
487,0.0012947246
488,0.0012947246
489,-0.0051788986
490,0.0051788986
491,-0.0051788986
492,0.006473623
493,-0.0038841742
494,0.0
495,0.0025894493
496,-0.0025894493
497,0.006473623
498,-0.006473623
499,0.0025894493
500,-0.0012947246
501,0.0012947246
502,0.0025894493
503,-0.006473623
504,0.0051788986
505,-0.0038841742
506,0.0051788986
507,-0.0012947246
508,-0.0025894493
509,0.0038841742
510,-0.0012947246
511,-0.0051788986
512,0.0
513,0.0
514,0.0012947246
515,-0.0025894493
516,-0.0025894493
517,0.0
518,-0.0012947246
519,0.0012947246
520,-0.0025894493
521,0.0
522,-0.0012947246
523,0.0
524,0.0
525,-0.0038841742
526,-0.0012947246
527,-0.0012947246
528,0.0012947246
529,0.0012947246
530,0.0
531,-0.0012947246
532,-0.0012947246
533,0.0012947246
534,0.0012947246
535,-0.0038841742
536,-0.0012947246
537,-0.0012947246
538,0.0025894493
539,0.0
540,-0.0025894493
541,0.0
542,0.0025894493
543,0.0
544,0.0
545,0.0038841742
546,0.0
547,0.0025894493
548,0.0
549,0.0
550,0.0038841742
551,0.0025894493
552,0.0025894493
553,0.0
554,0.0
555,0.0025894493
556,0.0025894493
557,0.0012947246
558,0.0
559,-0.0012947246
560,0.0051788986
561,0.0
562,0.0038841742
563,-0.006473623
564,-0.015536697
565,0.0090630725
566,-0.0038841742
567,0.0038841742
568,-0.0012947246
569,-0.0012947246
570,0.006473623
571,-0.0025894493
572,0.0025894493
573,0.0
574,0.0012947246
575,-0.0012947246
576,0.0012947246
577,0.0012947246
578,0.0038841742
579,0.0025894493
580,0.0
581,0.0025894493
582,0.0
583,0.0038841742
584,0.0012947246
585,0.0
586,0.0
587,0.0012947246
588,0.0038841742
589,0.0012947246
590,0.0
591,0.0012947246
592,0.0025894493
593,0.0051788986
594,0.0012947246
595,0.0
596,0.0
597,0.0012947246
598,0.0025894493
599,0.0
600,0.0012947246
601,0.0
602,0.0038841742
603,0.0038841742
604,0.0
605,0.0012947246
606,0.0038841742
607,-0.0012947246
608,-0.0025894493
609,0.0038841742
610,-0.0038841742
611,0.0051788986
612,-0.0038841742
613,0.0
614,0.0025894493
615,-0.0025894493
616,0.0051788986
617,-0.0051788986
618,0.0
619,0.0
620,0.0
621,0.0025894493
622,-0.0051788986
623,0.0025894493
624,-0.0012947246
625,0.0012947246
626,0.0025894493
627,-0.0038841742
628,0.0012947246
629,-0.0012947246
630,0.0012947246
631,0.0025894493
632,-0.0051788986
633,0.0025894493
634,-0.0038841742
635,0.0025894493
636,0.0012947246
637,-0.0038841742
638,0.0025894493
639,0.0
640,0.0012947246
641,0.0
642,0.0012947246
643,0.0012947246
644,-0.0012947246
645,-0.0012947246
646,0.0
647,0.0012947246
648,0.0051788986
649,0.0
650,0.0012947246
651,-0.0012947246
652,0.0025894493
653,0.0025894493
654,-0.0012947246
655,0.0
656,0.0
657,0.0038841742
658,0.0012947246
659,-0.0077683483
660,-0.014241972
661,0.0025894493
662,0.0012947246
663,0.0025894493
664,-0.0012947246
665,0.0
666,-0.0012947246
667,0.0038841742
668,0.0
669,0.0
670,0.0051788986
671,-0.0012947246
672,0.0012947246
673,0.0
674,0.0025894493
675,0.0012947246
676,0.0025894493
677,-0.0012947246
678,0.0012947246
679,0.0012947246
680,0.0038841742
681,0.0
682,-0.0012947246
683,0.0
684,0.0012947246
685,0.0025894493
686,0.0
687,0.0
688,0.0012947246
689,0.0012947246
690,0.0038841742
691,0.0012947246
692,0.0
693,0.0
694,0.0025894493
695,0.0012947246
696,0.0012947246
697,0.0
698,0.0012947246
699,0.0025894493
700,0.0038841742
701,0.0012947246
702,0.0038841742
703,0.0012947246
704,-0.0025894493
705,0.0012947246
706,0.0
707,0.0025894493
708,0.0012947246
709,-0.0012947246
710,0.0012947246
711,0.0
712,0.0038841742
713,0.0038841742
714,-0.0025894493
715,0.0012947246
716,0.0
717,0.0038841742
718,0.0
719,-0.0025894493
720,0.0012947246
721,0.0
722,0.0025894493
723,0.0012947246
724,0.0
725,0.0012947246
726,0.0012947246
727,0.0025894493
728,0.0012947246
729,0.0
730,0.0
731,0.0012947246
732,0.0025894493
733,0.0
734,0.0025894493
735,0.0012947246
736,0.0
737,-0.0025894493
738,-0.0012947246
739,0.0012947246
740,0.0012947246
741,-0.0012947246
742,-0.0012947246
743,0.0012947246
744,0.0025894493
745,0.0012947246
746,-0.0012947246
747,0.0
748,0.0
749,0.0012947246
750,0.0
751,-0.0012947246
752,0.0
753,0.0
754,0.0038841742
755,-0.010357797
756,-0.018126145
757,0.0038841742
758,-0.0025894493
759,0.0038841742
760,-0.0012947246
761,-0.0012947246
762,-0.0025894493
763,0.0012947246
764,0.0012947246
765,0.0012947246
766,0.0
767,0.0025894493
768,0.0012947246
769,-0.0012947246
770,0.0012947246
771,0.0025894493
772,0.0025894493
773,0.0012947246
774,-0.0025894493
775,0.0025894493
776,0.0025894493
777,0.0012947246
778,-0.0012947246
779,0.0
780,0.0012947246
781,0.0038841742
782,0.0012947246
783,0.0012947246
784,0.0
785,0.0
786,0.0038841742
787,0.0
788,0.0025894493
789,-0.0025894493
790,0.0012947246
791,0.0025894493
792,0.0025894493
793,0.0
794,-0.0012947246
795,0.0025894493
796,0.0038841742
797,0.0012947246
798,0.0012947246
799,0.0038841742
800,0.0012947246
801,0.0
802,0.0
803,0.0025894493
804,0.0025894493
805,0.0
806,0.0012947246
807,0.0
808,0.0038841742
809,0.0012947246
810,0.0012947246
811,0.0012947246
812,0.0
813,0.0038841742
814,0.0
815,0.0025894493
816,-0.0012947246
817,0.0012947246
818,0.0038841742
819,0.0025894493
820,0.0025894493
821,-0.0025894493
822,0.0025894493
823,0.0025894493
824,0.0025894493
825,0.0012947246
826,-0.0025894493
827,0.0038841742
828,0.0012947246
829,0.0025894493
830,0.0012947246
831,0.0025894493
832,0.0
833,-0.0012947246
834,0.0
835,0.0
836,0.0025894493
837,-0.0012947246
838,0.0
839,-0.0025894493
840,0.0025894493
841,0.0012947246
842,0.0
843,0.0
844,0.0012947246
845,0.0
846,0.0025894493
847,-0.0012947246
848,0.0
849,-0.0025894493
850,0.0025894493
851,-0.010357797
852,-0.012947246
853,0.0025894493
854,-0.0025894493
855,0.0038841742
856,0.0
857,0.0
858,-0.0012947246
859,0.0
860,0.0012947246
861,0.0012947246
862,-0.0012947246
863,0.0038841742
864,0.0012947246
865,0.0
866,0.0012947246
867,0.0
868,0.0038841742
869,-0.0025894493
870,-0.0012947246
871,0.0
872,-0.0012947246
873,0.0038841742
874,-0.0025894493
875,0.0012947246
876,0.0
877,0.0
878,0.0038841742
879,-0.0012947246
880,0.0012947246
881,-0.0012947246
882,0.0
883,0.0038841742
884,-0.0012947246
885,-0.0012947246
886,0.0
887,0.0
888,0.0051788986
889,-0.0025894493
890,0.0
891,0.0
892,0.0
893,0.0025894493
894,0.0012947246
895,0.0012947246
896,0.0038841742
897,0.0
898,0.0012947246
899,0.0012947246
900,0.0012947246
901,0.0025894493
902,-0.0012947246
903,0.0012947246
904,0.0012947246
905,0.0025894493
906,0.0038841742
907,0.0
908,0.0
909,0.0
910,0.0025894493
911,0.0012947246
912,-0.0012947246
913,0.0012947246
914,0.0012947246
915,0.0038841742
916,0.0012947246
917,0.0
918,0.0012947246
919,0.0012947246
920,0.0038841742
921,0.0012947246
922,0.0
923,0.0
924,0.0012947246
925,0.0038841742
926,-0.0012947246
927,0.0051788986
928,0.0012947246
929,0.0012947246
930,-0.0012947246
931,0.0012947246
932,0.0051788986
933,0.0
934,0.0012947246
935,-0.0012947246
936,0.0
937,0.0038841742
938,0.0
939,0.0038841742
940,-0.0012947246
941,0.0
942,0.0038841742
943,0.0012947246
944,0.0025894493
945,-0.0025894493
946,0.0038841742
947,-0.0090630725
948,-0.0090630725
949,0.0038841742
950,-0.0051788986
951,0.006473623
952,0.0012947246
953,0.0038841742
954,0.0
955,0.0
956,0.0012947246
957,0.0012947246
958,-0.0012947246
959,0.0025894493
960,0.0012947246
961,0.0
962,0.0
963,-0.0025894493
964,0.0038841742
965,-0.0012947246
966,0.0025894493
967,-0.0025894493
968,-0.0012947246
969,0.0038841742
970,-0.0012947246
971,0.0051788986
972,-0.0051788986
973,0.0012947246
974,0.0025894493
975,-0.0012947246
976,0.0038841742
977,-0.006473623
978,0.0038841742
979,-0.0012947246
980,0.0012947246
981,0.0025894493
982,-0.0051788986
983,0.006473623
984,-0.0038841742
985,0.0038841742
986,0.0
987,-0.0038841742
988,0.006473623
989,-0.0051788986
990,-0.0012947246
991,0.0012947246
992,0.0012947246
993,0.0
994,0.0
995,0.0
996,0.0012947246
997,0.0012947246
998,0.0012947246
999,0.0
1000,0.0
1001,-0.0012947246
1002,0.0038841742
1003,-0.0012947246
1004,0.0
1005,-0.0012947246
1006,0.0012947246
1007,0.0038841742
1008,0.0
1009,0.0012947246
1010,0.0
1011,0.0038841742
1012,0.0012947246
1013,0.0
1014,-0.0012947246
1015,0.0
1016,0.0012947246
1017,0.0012947246
1018,0.0
1019,0.0012947246
1020,0.0012947246
1021,0.0025894493
1022,0.0012947246
1023,0.0051788986
1024,-0.0051788986
1025,0.010357797
1026,-0.0051788986
1027,0.0025894493
1028,0.0038841742
1029,-0.0025894493
1030,0.010357797
1031,-0.0077683483
1032,0.0038841742
1033,0.0025894493
1034,-0.0012947246
1035,0.0077683483
1036,-0.0051788986
1037,0.0025894493
1038,0.0025894493
1039,0.0
1040,0.0051788986
1041,-0.0025894493
1042,0.0012947246
1043,-0.0090630725
1044,-0.0090630725
1045,0.0051788986
1046,-0.0012947246
1047,0.0
1048,0.0038841742
1049,0.0012947246
1050,-0.0012947246
1051,0.0051788986
1052,-0.0038841742
1053,0.0051788986
1054,0.0012947246
1055,0.0
1056,0.0025894493
1057,0.0012947246
1058,0.0012947246
1059,0.0
1060,0.0
1061,0.0038841742
1062,0.0025894493
1063,0.0012947246
1064,-0.0012947246
1065,0.0012947246
1066,0.0038841742
1067,0.0025894493
1068,0.0
1069,0.0
1070,0.0012947246
1071,0.0038841742
1072,0.0012947246
1073,0.0012947246
1074,0.0
1075,0.0025894493
1076,0.0012947246
1077,0.0012947246
1078,0.0012947246
1079,-0.0012947246
1080,0.0025894493
1081,0.0038841742
1082,0.0025894493
1083,0.0
1084,0.0
1085,0.0012947246
1086,-0.0012947246
1087,-0.0012947246
1088,0.0
1089,0.0012947246
1090,0.0012947246
1091,-0.0025894493
1092,0.0012947246
1093,0.0
1094,0.0025894493
1095,0.0
1096,-0.0051788986
1097,0.0025894493
1098,-0.0025894493
1099,0.0051788986
1100,-0.0025894493
1101,-0.0012947246
1102,0.0025894493
1103,-0.0025894493
1104,0.006473623
1105,-0.0038841742
1106,0.0012947246
1107,0.0012947246
1108,-0.0025894493
1109,0.0077683483
1110,-0.006473623
1111,0.0038841742
1112,-0.0025894493
1113,0.0
1114,0.0051788986
1115,-0.006473623
1116,0.006473623
1117,-0.0051788986
1118,0.0
1119,0.0
1120,0.0012947246
1121,0.0025894493
1122,0.0012947246
1123,-0.0012947246
1124,-0.0012947246
1125,0.0025894493
1126,0.0012947246
1127,0.0012947246
1128,-0.0012947246
1129,0.0012947246
1130,0.0012947246
1131,0.0012947246
1132,0.0012947246
1133,-0.0025894493
1134,0.0012947246
1135,0.0012947246
1136,0.0
1137,0.0012947246
1138,-0.0012947246
1139,-0.014241972
1140,-0.0077683483
1141,0.0051788986
1142,0.0012947246
1143,-0.0012947246
1144,0.0012947246
1145,0.0012947246
1146,0.0012947246
1147,0.0012947246
1148,-0.0051788986
1149,0.0025894493
1150,-0.0012947246
1151,0.0038841742
1152,-0.0038841742
1153,0.0090630725
1154,-0.0025894493
1155,0.0038841742
1156,-0.0025894493
1157,0.0051788986
1158,0.0012947246
1159,0.0012947246
1160,0.0012947246
1161,0.0
1162,0.0025894493
1163,0.0025894493
1164,0.0025894493
1165,0.0
1166,0.0
1167,0.0025894493
1168,0.0025894493
1169,0.0038841742
1170,-0.0012947246
1171,0.0025894493
1172,0.0
1173,0.0051788986
1174,0.0
1175,0.0025894493
1176,-0.0012947246
1177,0.0038841742
1178,0.0025894493
1179,0.0012947246
1180,-0.0012947246
1181,0.0025894493
1182,-0.0012947246
1183,0.0
1184,-0.0012947246
1185,0.0025894493
1186,0.0025894493
1187,0.0
1188,0.0
1189,0.0
1190,0.0038841742
1191,0.0025894493
1192,-0.0012947246
1193,0.0
1194,0.0
1195,0.0025894493
1196,0.0025894493
1197,-0.0025894493
1198,0.0025894493
1199,-0.0012947246
1200,0.0038841742
1201,0.0012947246
1202,-0.0012947246
1203,0.0012947246
1204,-0.0025894493
1205,0.0038841742
1206,0.0012947246
1207,-0.0012947246
1208,0.0
1209,0.0
1210,0.0038841742
1211,0.0025894493
1212,-0.0012947246
1213,0.0
1214,0.0012947246
1215,0.0
1216,0.0
1217,0.0
1218,0.0012947246
1219,0.0012947246
1220,-0.0025894493
1221,0.0
1222,0.0012947246
1223,0.0025894493
1224,-0.0012947246
1225,0.0
1226,0.0012947246
1227,0.0012947246
1228,0.0012947246
1229,-0.0012947246
1230,-0.0012947246
1231,0.0
1232,0.0
1233,0.0038841742
1234,-0.0012947246
1235,-0.018126145
1236,-0.006473623
1237,0.0025894493
1238,0.0025894493
1239,-0.0012947246
1240,-0.0025894493
1241,0.0012947246
1242,0.0012947246
1243,0.0025894493
1244,-0.0038841742
1245,0.0
1246,0.0012947246
1247,0.0
1248,0.0
1249,0.0012947246
1250,0.0038841742
1251,-0.0012947246
1252,0.0
1253,0.0
1254,0.0038841742
1255,0.0012947246
1256,0.0
1257,0.0025894493
1258,0.0
1259,0.0025894493
1260,0.0012947246
1261,0.0012947246
1262,0.0012947246
1263,-0.0012947246
1264,0.0012947246
1265,0.0038841742
1266,0.0012947246
1267,0.0012947246
1268,0.0
1269,0.0025894493
1270,0.0038841742
1271,0.0
1272,0.0
1273,0.0012947246
1274,0.0025894493
1275,0.0012947246
1276,0.0
1277,0.0
1278,0.0025894493
1279,-0.0012947246
1280,0.0
1281,0.0025894493
1282,0.0025894493
1283,0.0025894493
1284,0.0
1285,0.0012947246
1286,0.0025894493
1287,0.0025894493
1288,0.0025894493
1289,0.0
1290,0.0012947246
1291,0.0012947246
1292,0.0038841742
1293,0.0038841742
1294,0.0
1295,0.0012947246
1296,0.0012947246
1297,0.0038841742
1298,0.0025894493
1299,-0.0012947246
1300,0.0012947246
1301,0.0012947246
1302,0.0038841742
1303,0.0
1304,0.0
1305,0.0025894493
1306,0.0012947246
1307,0.0025894493
1308,0.0012947246
1309,0.0
1310,0.0051788986
1311,-0.0012947246
1312,0.0
1313,0.0
1314,0.0012947246
1315,0.0038841742
1316,-0.0025894493
1317,0.0012947246
1318,0.0
1319,0.0025894493
1320,0.0025894493
1321,0.0
1322,0.0012947246
1323,0.0
1324,0.0012947246
1325,0.0025894493
1326,-0.0012947246
1327,-0.0012947246
1328,0.0
1329,0.0012947246
1330,0.0012947246
1331,-0.018126145
1332,-0.0038841742
1333,0.0025894493
1334,0.0012947246
1335,0.0012947246
1336,-0.0012947246
1337,0.0
1338,0.0
1339,0.0025894493
1340,0.0012947246
1341,-0.0012947246
1342,0.0012947246
1343,0.0012947246
1344,-0.0012947246
1345,0.0012947246
1346,0.0012947246
1347,0.0012947246
1348,0.0
1349,-0.0012947246
1350,0.0012947246
1351,0.0
1352,0.0025894493
1353,0.0
1354,-0.0012947246
1355,0.0012947246
1356,0.0
1357,0.0051788986
1358,-0.0012947246
1359,-0.0025894493
1360,0.0025894493
1361,0.0
1362,0.0038841742
1363,-0.0025894493
1364,-0.0025894493
1365,0.0025894493
1366,-0.0012947246
1367,0.0038841742
1368,0.0
1369,-0.0012947246
1370,0.0025894493
1371,-0.0012947246
1372,0.0025894493
1373,-0.0012947246
1374,0.0038841742
1375,0.0012947246
1376,0.0012947246
1377,0.0012947246
1378,0.0012947246
1379,0.0051788986
1380,0.0012947246
1381,0.0
1382,0.0
1383,0.0012947246
1384,0.0038841742
1385,0.0012947246
1386,0.0
1387,0.0
1388,0.0038841742
1389,0.0025894493
1390,0.0025894493
1391,-0.0012947246
1392,0.0012947246
1393,0.0025894493
1394,0.0025894493
1395,0.0
1396,0.0
1397,0.0012947246
1398,0.0012947246
1399,0.0038841742
1400,0.0012947246
1401,0.0
1402,0.0012947246
1403,0.0025894493
1404,0.0025894493
1405,0.0012947246
1406,0.0025894493
1407,0.0012947246
1408,-0.0012947246
1409,0.0025894493
1410,0.0
1411,0.0025894493
1412,0.0051788986
1413,-0.0012947246
1414,0.0025894493
1415,-0.0012947246
1416,0.0051788986
1417,0.0025894493
1418,-0.0025894493
1419,0.0025894493
1420,0.0
1421,0.0038841742
1422,0.0012947246
1423,-0.0012947246
1424,0.0012947246
1425,0.0025894493
1426,0.0012947246
1427,-0.015536697
1428,-0.0025894493
1429,0.0025894493
1430,-0.0012947246
1431,0.0038841742
1432,0.0012947246
1433,0.0
1434,0.0025894493
1435,0.0
1436,0.006473623
1437,0.0
1438,0.0025894493
1439,-0.0012947246
1440,0.0012947246
1441,-0.0038841742
1442,0.0012947246
1443,-0.0025894493
1444,0.0025894493
1445,-0.0012947246
1446,-0.0025894493
1447,0.0
1448,-0.0012947246
1449,0.0038841742
1450,-0.0038841742
1451,0.0012947246
1452,0.0
1453,0.0
1454,0.0038841742
1455,-0.0051788986
1456,0.0025894493
1457,-0.0012947246
1458,0.0
1459,0.0038841742
1460,-0.0051788986
1461,0.0025894493
1462,-0.0012947246
1463,0.0012947246
1464,0.0038841742
1465,-0.0051788986
1466,0.0038841742
1467,-0.0025894493
1468,0.0025894493
1469,0.0025894493
1470,0.0
1471,0.0012947246
1472,-0.0012947246
1473,-0.0012947246
1474,0.0
1475,0.0012947246
1476,0.0025894493
1477,0.0
1478,-0.0012947246
1479,-0.0012947246
1480,0.0
1481,0.0012947246
1482,-0.0012947246
1483,-0.0012947246
1484,-0.0012947246
1485,0.0012947246
1486,0.0025894493
1487,-0.0012947246
1488,0.0
1489,0.0012947246
1490,0.0
1491,0.0012947246
1492,-0.0012947246
1493,0.0
1494,-0.0012947246
1495,0.0012947246
1496,0.0025894493
1497,-0.0012947246
1498,-0.0012947246
1499,0.0
1500,0.0025894493
1501,0.0038841742
1502,-0.0025894493
1503,0.0051788986
1504,0.0012947246
1505,-0.0012947246
1506,0.0038841742
1507,-0.0025894493
1508,0.0077683483
1509,0.0012947246
1510,-0.0012947246
1511,0.0051788986
1512,-0.0038841742
1513,0.0090630725
1514,-0.0025894493
1515,0.0
1516,0.0051788986
1517,-0.0038841742
1518,0.0090630725
1519,-0.0012947246
1520,0.0
1521,0.0051788986
1522,-0.006473623
1523,-0.011652522
1524,-0.0012947246
1525,0.0
1526,0.0038841742
1527,-0.0025894493
1528,0.0077683483
1529,-0.0012947246
1530,0.0
1531,0.0038841742
1532,0.0
1533,0.006473623
1534,0.0012947246
1535,0.0025894493
1536,0.0051788986
1537,0.0
1538,0.0
1539,0.0012947246
1540,0.0025894493
1541,0.0038841742
1542,-0.0012947246
1543,0.0012947246
1544,0.0012947246
1545,0.0025894493
1546,0.0038841742
1547,0.0
1548,0.0025894493
1549,0.0
1550,0.0025894493
1551,0.0025894493
1552,0.0
1553,0.0012947246
1554,0.0
1555,0.0038841742
1556,0.0025894493
1557,0.0
1558,0.0
1559,0.0025894493
1560,0.0051788986
1561,0.0012947246
1562,-0.0012947246
1563,0.0012947246
1564,0.0012947246
1565,0.0038841742
1566,-0.0012947246
1567,0.0025894493
1568,-0.0025894493
1569,0.0038841742
1570,-0.0038841742
1571,0.0012947246
1572,0.0038841742
1573,0.0
1574,0.0025894493
1575,-0.0025894493
1576,-0.0012947246
1577,0.0038841742
1578,-0.0025894493
1579,0.0025894493
1580,-0.0012947246
1581,-0.0025894493
1582,0.0051788986
1583,-0.0025894493
1584,0.0038841742
1585,-0.0038841742
1586,0.0
1587,0.0051788986
1588,-0.0038841742
1589,0.0038841742
1590,-0.0051788986
1591,0.0025894493
1592,0.0012947246
1593,-0.0012947246
1594,0.0025894493
1595,-0.0038841742
1596,0.0038841742
1597,0.0
1598,0.0
1599,0.0025894493
1600,0.0038841742
1601,0.0012947246
1602,-0.0012947246
1603,0.0012947246
1604,0.0025894493
1605,0.0025894493
1606,0.0012947246
1607,-0.0012947246
1608,0.0025894493
1609,0.0
1610,0.0025894493
1611,0.0
1612,-0.0012947246
1613,0.0
1614,0.0
1615,0.0051788986
1616,-0.0012947246
1617,0.0012947246
1618,-0.0051788986
1619,-0.014241972
1620,0.0038841742
1621,-0.0038841742
1622,0.0012947246
1623,0.0
1624,0.0025894493
1625,0.0038841742
1626,-0.0012947246
1627,0.0012947246
1628,0.0012947246
1629,0.0025894493
1630,-0.0012947246
1631,0.0025894493
1632,0.0
1633,0.0025894493
1634,-0.0012947246
1635,0.0025894493
1636,0.0012947246
1637,0.0012947246
1638,0.0051788986
1639,-0.0025894493
1640,0.0038841742
1641,0.0
1642,0.0051788986
1643,0.0012947246
1644,0.0
1645,0.0
1646,0.0
1647,0.0025894493
1648,0.0025894493
1649,-0.0012947246
1650,0.0025894493
1651,0.0
1652,0.006473623
1653,0.0
1654,0.0012947246
1655,0.0
1656,0.0038841742
1657,0.0012947246
1658,0.0025894493
1659,0.0
1660,0.0025894493
1661,0.0012947246
1662,-0.0025894493
1663,0.0012947246
1664,0.0012947246
1665,0.0012947246
1666,0.0012947246
1667,-0.0012947246
1668,0.0012947246
1669,0.0025894493
1670,0.0012947246
1671,0.0025894493
1672,-0.0012947246
1673,0.0
1674,0.0038841742
1675,0.0
1676,0.0012947246
1677,0.0
1678,0.0012947246
1679,0.0025894493
1680,0.0038841742
1681,-0.0012947246
1682,0.0012947246
1683,0.0
1684,0.0025894493
1685,0.0025894493
1686,-0.0012947246
1687,-0.0012947246
1688,0.0025894493
1689,0.0025894493
1690,0.0025894493
1691,0.0
1692,0.0
1693,0.0025894493
1694,0.0
1695,-0.0012947246
1696,0.0012947246
1697,0.0012947246
1698,0.0012947246
1699,-0.0012947246
1700,-0.0012947246
1701,0.0012947246
1702,0.0025894493
1703,-0.0012947246
1704,0.0
1705,0.0
1706,0.0012947246
1707,0.0012947246
1708,0.0
1709,-0.0012947246
1710,0.0
1711,0.0025894493
1712,0.0012947246
1713,0.0012947246
1714,-0.0077683483
1715,-0.01942087
1716,0.0025894493
1717,-0.0012947246
1718,0.0012947246
1719,-0.0025894493
1720,0.0025894493
1721,-0.0012947246
1722,0.0025894493
1723,-0.0012947246
1724,0.0
1725,-0.0012947246
1726,-0.0012947246
1727,0.0
1728,0.0025894493
1729,0.0012947246
1730,0.0012947246
1731,-0.0012947246
1732,-0.0012947246
1733,0.0025894493
1734,0.0
1735,0.0025894493
1736,0.0012947246
1737,-0.0012947246
1738,0.0025894493
1739,0.0025894493
1740,0.0025894493
1741,-0.0012947246
1742,-0.0012947246
1743,0.0025894493
1744,0.0012947246
1745,0.0012947246
1746,-0.0012947246
1747,0.0012947246
1748,0.0038841742
1749,0.0012947246
1750,0.0012947246
1751,0.0012947246
1752,-0.0012947246
1753,0.0025894493
1754,0.0012947246
1755,0.0012947246
1756,0.0012947246
1757,-0.0012947246
1758,0.0
1759,0.0025894493
1760,0.0
1761,0.0038841742
1762,0.0012947246
1763,0.0025894493
1764,0.0
1765,0.0012947246
1766,0.0025894493
1767,0.0025894493
1768,0.0012947246
1769,-0.0025894493
1770,0.0025894493
1771,0.0025894493
1772,0.0038841742
1773,0.0
1774,0.0012947246
1775,0.0025894493
1776,0.0025894493
1777,0.0012947246
1778,0.0
1779,0.0
1780,0.0025894493
1781,0.0012947246
1782,0.0025894493
1783,0.0012947246
1784,0.0012947246
1785,0.0012947246
1786,0.0025894493
1787,0.0038841742
1788,0.0
1789,0.0
1790,-0.0012947246
1791,-0.0012947246
1792,0.0
1793,0.0012947246
1794,0.0012947246
1795,0.0
1796,-0.0012947246
1797,0.0
1798,0.0012947246
1799,0.0025894493
1800,-0.0012947246
1801,-0.0012947246
1802,0.0012947246
1803,0.0025894493
1804,0.0012947246
1805,0.0
1806,-0.0012947246
1807,0.0
1808,0.0
1809,0.0038841742
1810,-0.0090630725
1811,-0.015536697
1812,0.0025894493
1813,0.0
1814,0.0038841742
1815,-0.0025894493
1816,0.0
1817,-0.0012947246
1818,0.0025894493
1819,0.0012947246
1820,0.0
1821,-0.0012947246
1822,0.0025894493
1823,0.0025894493
1824,0.0
1825,0.0025894493
1826,0.0038841742
1827,0.0
1828,-0.0012947246
1829,-0.0025894493
1830,0.0012947246
1831,0.0025894493
1832,0.0
1833,-0.0012947246
1834,-0.0012947246
1835,0.006473623
1836,0.012947246
1837,0.0012947246
1838,0.0025894493
1839,0.0025894493
1840,0.0012947246
1841,0.0038841742
1842,0.0012947246
1843,0.0012947246
1844,0.0025894493
1845,0.0012947246
1846,0.006473623
1847,0.0012947246
1848,0.0
1849,0.0038841742
1850,0.0
1851,0.006473623
1852,0.0
1853,0.0
1854,0.0051788986
1855,0.0012947246
1856,0.0025894493
1857,0.0038841742
1858,0.0051788986
1859,0.0038841742
1860,0.0
1861,0.0038841742
1862,0.0038841742
1863,0.0038841742
1864,0.0038841742
1865,0.0012947246
1866,0.0051788986
1867,0.0025894493
1868,0.0051788986
1869,0.0025894493
1870,0.0025894493
1871,0.0038841742
1872,0.0025894493
1873,0.0051788986
1874,0.0038841742
1875,0.0025894493
1876,0.0038841742
1877,0.0025894493
1878,0.006473623
1879,0.0025894493
1880,0.0025894493
1881,0.0038841742
1882,0.0038841742
1883,0.0051788986
1884,0.0012947246
1885,0.0038841742
1886,0.006473623
1887,0.0025894493
1888,0.0012947246
1889,0.0038841742
1890,0.0038841742
1891,0.0051788986
1892,0.0025894493
1893,0.0012947246
1894,0.006473623
1895,0.0025894493
1896,0.0038841742
1897,0.0025894493
1898,0.0025894493
1899,0.0051788986
1900,0.0025894493
1901,0.0038841742
1902,0.0038841742
1903,0.0025894493
1904,0.0038841742
1905,0.0051788986
1906,-0.0038841742
1907,-0.012947246
1908,0.0025894493
1909,0.0025894493
1910,0.0051788986
1911,0.0025894493
1912,0.0012947246
1913,0.0025894493
1914,0.0051788986
1915,0.0038841742
1916,0.0051788986
1917,0.0
1918,0.0051788986
1919,0.0
1920,0.0012947246
1921,0.0012947246
1922,0.0025894493
1923,0.0051788986
1924,0.0
1925,0.0025894493
1926,0.0
1927,0.0038841742
1928,0.0012947246
1929,0.0025894493
1930,0.0
1931,0.0012947246
1932,0.0038841742
1933,0.0025894493
1934,0.0025894493
1935,0.0
1936,0.0025894493
1937,0.0025894493
1938,0.0038841742
1939,0.0012947246
1940,0.0
1941,0.0025894493
1942,0.0012947246
1943,0.0051788986
1944,0.0
1945,0.0012947246
1946,0.0025894493
1947,0.0025894493
1948,0.0051788986
1949,-0.0012947246
1950,0.0012947246
1951,0.006473623
1952,0.0
1953,0.0038841742
1954,0.0012947246
1955,0.006473623
1956,0.0038841742
1957,0.0
1958,0.0025894493
1959,0.0012947246
1960,0.006473623
1961,0.0012947246
1962,0.0025894493
1963,0.0025894493
1964,0.0051788986
1965,0.0025894493
1966,0.0051788986
1967,0.0
1968,0.0038841742
1969,0.0012947246
1970,0.0051788986
1971,0.0025894493
1972,0.0012947246
1973,0.0038841742
1974,0.0038841742
1975,0.006473623
1976,0.0012947246
1977,0.0025894493
1978,0.0038841742
1979,0.0038841742
1980,0.0038841742
1981,0.0025894493
1982,0.0
1983,0.0077683483
1984,0.0012947246
1985,0.0038841742
1986,0.0051788986
1987,0.0038841742
1988,0.0077683483
1989,0.0025894493
1990,0.0051788986
1991,0.0025894493
1992,0.0051788986
1993,0.0038841742
1994,0.0025894493
1995,0.0025894493
1996,0.0038841742
1997,0.0051788986
1998,0.0038841742
1999,0.0038841742
2000,0.0012947246
2001,0.006473623
2002,-0.0051788986
2003,-0.010357797
2004,0.0051788986
2005,0.0
2006,0.0051788986
2007,0.0025894493
2008,0.0051788986
2009,0.0012947246
2010,0.0051788986
2011,0.0038841742
2012,0.0051788986
2013,0.006473623
2014,0.0051788986
2015,0.0038841742
2016,0.0025894493
2017,0.0012947246
2018,0.0038841742
2019,0.0038841742
2020,0.0038841742
2021,0.0038841742
2022,0.0012947246
2023,0.0025894493
2024,0.0038841742
2025,0.0038841742
2026,0.0038841742
2027,0.0
2028,0.0038841742
2029,0.0038841742
2030,0.006473623
2031,0.0025894493
2032,0.0012947246
2033,0.0051788986
2034,0.0038841742
2035,0.0051788986
2036,0.0012947246
2037,0.0012947246
2038,0.0025894493
2039,0.0038841742
2040,0.0038841742
2041,0.0025894493
2042,0.0025894493
2043,0.0025894493
2044,0.0025894493
2045,0.0051788986
2046,0.0025894493
2047,0.0012947246
2048,0.006473623
2049,-0.0012947246
2050,0.0025894493
2051,0.0012947246
2052,0.0038841742
2053,0.0038841742
2054,-0.0012947246
2055,0.0038841742
2056,-0.0012947246
2057,0.0051788986
2058,0.0012947246
2059,0.0
2060,0.0012947246
2061,0.0
2062,0.0077683483
2063,-0.0025894493
2064,0.0038841742
2065,0.0012947246
2066,0.0
2067,0.0077683483
2068,-0.0038841742
2069,0.006473623
2070,-0.0038841742
2071,0.0025894493
2072,0.006473623
2073,-0.0038841742
2074,0.0077683483
2075,-0.006473623
2076,0.0077683483
2077,0.0025894493
2078,0.0025894493
2079,0.0025894493
2080,0.0038841742
2081,0.0025894493
2082,0.0025894493
2083,0.0025894493
2084,0.0051788986
2085,0.0025894493
2086,0.0038841742
2087,0.0
2088,0.0025894493
2089,0.0025894493
2090,0.0051788986
2091,0.0012947246
2092,0.0
2093,0.0051788986
2094,0.0038841742
2095,0.006473623
2096,0.0
2097,0.0051788986
2098,-0.0077683483
2099,-0.011652522
2100,0.006473623
2101,-0.0012947246
2102,0.0051788986
2103,0.0012947246
2104,0.0038841742
2105,0.0051788986
2106,0.0
2107,0.0038841742
2108,0.0038841742
2109,0.0025894493
2110,0.006473623
2111,0.0
2112,0.0077683483
2113,0.0012947246
2114,0.0038841742
2115,0.0025894493
2116,0.0038841742
2117,0.006473623
2118,0.0012947246
2119,0.0051788986
2120,0.0012947246
2121,0.006473623
2122,0.0025894493
2123,0.0038841742
2124,0.0012947246
2125,0.0038841742
2126,0.0025894493
2127,0.006473623
2128,0.0012947246
2129,0.0038841742
2130,0.0025894493
2131,0.0051788986
2132,0.0051788986
2133,0.0025894493
2134,0.0025894493
2135,0.0025894493
2136,0.0038841742
2137,0.0051788986
2138,0.0012947246
2139,0.0038841742
2140,0.0025894493
2141,0.006473623
2142,0.0025894493
2143,0.0012947246
2144,0.0038841742
2145,0.0025894493
2146,0.0
2147,0.0025894493
2148,0.0012947246
2149,0.0051788986
2150,0.0038841742
2151,0.0
2152,0.0025894493
2153,0.0025894493
2154,0.0038841742
2155,0.0038841742
2156,-0.0012947246
2157,0.0025894493
2158,0.0025894493
2159,0.0025894493
2160,0.0038841742
2161,0.0
2162,0.0038841742
2163,0.0025894493
2164,0.0038841742
2165,0.0038841742
2166,0.0
2167,0.0025894493
2168,0.0025894493
2169,0.0025894493
2170,0.0038841742
2171,0.0
2172,0.0025894493
2173,0.0025894493
2174,0.0
2175,0.0012947246
2176,0.0038841742
2177,0.0038841742
2178,0.0012947246
2179,0.0012947246
2180,0.0025894493
2181,0.0051788986
2182,0.0025894493
2183,-0.0012947246
2184,0.0012947246
2185,0.0012947246
2186,0.0025894493
2187,0.0012947246
2188,0.0025894493
2189,0.0
2190,0.0025894493
2191,0.0025894493
2192,0.0025894493
2193,0.0025894493
2194,-0.012947246
2195,-0.010357797
2196,0.0051788986
2197,0.0012947246
2198,0.0012947246
2199,-0.0012947246
2200,0.0025894493
2201,0.0038841742
2202,0.0025894493
2203,0.0
2204,0.0012947246
2205,0.0025894493
2206,0.0038841742
2207,0.0
2208,0.0051788986
2209,0.0025894493
2210,0.0038841742
2211,0.0
2212,0.0012947246
2213,0.006473623
2214,0.0025894493
2215,0.0025894493
2216,0.0012947246
2217,0.0025894493
2218,0.0051788986
2219,0.0025894493
2220,0.0025894493
2221,0.0012947246
2222,0.0025894493
2223,0.0025894493
2224,0.0025894493
2225,0.0038841742
2226,0.0025894493
2227,0.0012947246
2228,0.0038841742
2229,0.0051788986
2230,0.0025894493
2231,0.0
2232,0.0025894493
2233,0.0051788986
2234,0.0038841742
2235,0.0
2236,0.0025894493
2237,0.0038841742
2238,0.0012947246
2239,0.0038841742
2240,0.0012947246
2241,0.0051788986
2242,0.0012947246
2243,0.0025894493
2244,0.0025894493
2245,0.0038841742
2246,0.0051788986
2247,0.0012947246
2248,0.0038841742
2249,0.0012947246
2250,0.0051788986
2251,0.0025894493
2252,0.0038841742
2253,0.0
2254,0.0025894493
2255,0.0025894493
2256,0.0038841742
2257,0.0025894493
2258,0.0025894493
2259,0.0025894493
2260,0.0038841742
2261,0.0051788986
2262,0.0012947246
2263,0.0038841742
2264,0.0012947246
2265,0.0051788986
2266,0.0025894493
2267,0.0025894493
2268,0.0025894493
2269,0.0012947246
2270,0.0012947246
2271,0.0
2272,0.0012947246
2273,0.0025894493
2274,0.0038841742
2275,0.0
2276,0.0012947246
2277,0.0025894493
2278,0.0012947246
2279,0.0051788986
2280,0.0
2281,0.0012947246
2282,0.0012947246
2283,0.0038841742
2284,0.0038841742
2285,0.0
2286,0.0012947246
2287,0.0025894493
2288,0.0012947246
2289,0.0051788986
2290,-0.018126145
2291,-0.011652522
2292,0.0038841742
2293,0.0
2294,0.0038841742
2295,-0.0025894493
2296,0.0025894493
2297,0.0
2298,0.0038841742
2299,0.0012947246
2300,0.0
2301,0.0012947246
2302,0.0
2303,0.0
2304,0.0
2305,0.0025894493
2306,0.0012947246
2307,0.0012947246
2308,0.0
2309,0.0012947246
2310,0.0025894493
2311,0.0012947246
2312,0.0025894493
2313,0.0
2314,0.0
2315,0.0025894493
2316,0.0012947246
2317,0.0025894493
2318,-0.0012947246
2319,-0.0012947246
2320,0.0051788986
2321,0.0
2322,0.0038841742
2323,-0.0025894493
2324,0.0025894493
2325,0.0051788986
2326,0.0
2327,0.0025894493
2328,0.0
2329,0.0012947246
2330,0.0038841742
2331,0.0
2332,0.0012947246
2333,0.0
2334,0.0025894493
2335,0.0012947246
2336,0.0025894493
2337,0.0038841742
2338,0.0025894493
2339,0.0038841742
2340,0.0012947246
2341,0.0025894493
2342,0.0012947246
2343,0.0038841742
2344,0.0025894493
2345,0.0
2346,0.0025894493
2347,0.0025894493
2348,0.0051788986
2349,0.0025894493
2350,0.0012947246
2351,0.0038841742
2352,0.0025894493
2353,0.0038841742
2354,0.0012947246
2355,0.0012947246
2356,0.0025894493
2357,0.0025894493
2358,0.0051788986
2359,0.0025894493
2360,0.0012947246
2361,0.0038841742
2362,0.0025894493
2363,0.0051788986
2364,0.0012947246
2365,0.0025894493
2366,0.0025894493
2367,0.0025894493
2368,0.0038841742
2369,0.0025894493
2370,0.0038841742
2371,0.0025894493
2372,0.0025894493
2373,0.0012947246
2374,0.0012947246
2375,0.0025894493
2376,0.0038841742
2377,0.0012947246
2378,0.0012947246
2379,0.0025894493
2380,0.0051788986
2381,0.0038841742
2382,0.0012947246
2383,0.0025894493
2384,0.0025894493
2385,0.0038841742
2386,-0.015536697
2387,-0.0077683483
2388,0.0051788986
2389,0.0012947246
2390,0.0038841742
2391,0.0025894493
2392,0.0025894493
2393,0.0012947246
2394,0.0038841742
2395,0.0025894493
2396,0.0038841742
2397,-0.0012947246
2398,0.0025894493
2399,-0.0012947246
2400,-0.0012947246
2401,0.0
2402,0.0
2403,0.0038841742
2404,0.0
2405,-0.0012947246
2406,0.0
2407,0.0025894493
2408,0.0012947246
2409,0.0
2410,-0.0025894493
2411,0.0025894493
2412,-0.0012947246
2413,0.0051788986
2414,-0.0025894493
2415,0.0
2416,0.0012947246
2417,0.0
2418,0.0051788986
2419,-0.0025894493
2420,0.0012947246
2421,0.0
2422,0.0
2423,0.0038841742
2424,-0.0025894493
2425,0.0012947246
2426,0.0012947246
2427,0.0012947246
2428,0.0038841742
2429,-0.0012947246
2430,0.0012947246
2431,0.0
2432,-0.0025894493
2433,-0.0025894493
2434,0.0
2435,0.0
2436,-0.0012947246
2437,-0.0025894493
2438,-0.0012947246
2439,-0.0025894493
2440,0.0012947246
2441,-0.0012947246
2442,-0.0012947246
2443,-0.0012947246
2444,0.0012947246
2445,0.0012947246
2446,-0.0025894493
2447,-0.0025894493
2448,-0.0025894493
2449,0.0
2450,-0.0012947246
2451,-0.0012947246
2452,-0.0012947246
2453,-0.0025894493
2454,0.0
2455,0.0
2456,0.0
2457,-0.0025894493
2458,-0.0025894493
2459,0.0012947246
2460,0.0012947246
2461,-0.0012947246
2462,0.0051788986
2463,-0.0038841742
2464,0.006473623
2465,-0.006473623
2466,0.0025894493
2467,0.0038841742
2468,-0.006473623
2469,0.0077683483
2470,-0.0077683483
2471,0.0038841742
2472,0.0051788986
2473,-0.006473623
2474,0.0077683483
2475,-0.0077683483
2476,0.0038841742
2477,0.0051788986
2478,-0.0077683483
2479,0.0077683483
2480,-0.006473623
2481,0.0025894493
2482,-0.0077683483
2483,-0.014241972
2484,0.0090630725
2485,-0.006473623
2486,0.0
2487,0.0090630725
2488,-0.0090630725
2489,0.0077683483
2490,-0.0025894493
2491,-0.0025894493
2492,0.011652522
2493,-0.010357797
2494,0.0025894493
2495,0.0012947246
2496,0.0
2497,0.0
2498,-0.0012947246
2499,0.0038841742
2500,0.0012947246
2501,0.0012947246
2502,-0.0025894493
2503,0.0
2504,0.0012947246
2505,0.0012947246
2506,-0.0012947246
2507,-0.0012947246
2508,0.0012947246
2509,0.0012947246
2510,0.0012947246
2511,0.0
2512,0.0
2513,0.0
2514,0.0025894493
2515,0.0
2516,0.0
2517,-0.0025894493
2518,0.0012947246
2519,0.0
2520,0.0025894493
2521,-0.0012947246
2522,-0.0012947246
2523,0.0025894493
2524,0.0025894493
2525,0.0038841742
2526,0.0051788986
2527,-0.0051788986
2528,0.0051788986
2529,-0.006473623
2530,-0.0012947246
2531,0.0012947246
2532,-0.0025894493
2533,0.0038841742
2534,-0.0077683483
2535,0.0025894493
2536,-0.0025894493
2537,0.0012947246
2538,0.0012947246
2539,-0.006473623
2540,0.0051788986
2541,-0.006473623
2542,0.0051788986
2543,-0.0038841742
2544,-0.0051788986
2545,0.0025894493
2546,-0.006473623
2547,0.0090630725
2548,-0.0077683483
2549,0.0
2550,0.0012947246
2551,-0.0051788986
2552,0.0077683483
2553,-0.010357797
2554,0.0025894493
2555,-0.0025894493
2556,-0.0038841742
2557,0.006473623
2558,36.768887
2559,36.762413
2560,36.754646
2561,36.746876
2562,36.739105
2563,36.73263
2564,36.724865
2565,36.7171
2566,36.710625
2567,36.702854
2568,36.69638
2569,36.68732
2570,36.680847
2571,36.673077
2572,36.665306
2573,36.658833
2574,36.65236
2575,36.6433
2576,36.63553
2577,36.630352
2578,36.62129
2579,36.61352
2580,36.607048
2581,36.600574
2582,36.59151
2583,36.585037
2584,36.577267
2585,36.568203
2586,36.56173
2587,36.555256
2588,36.546192
2589,36.53972
2590,33.196743
2591,33.19027
2592,33.183792
2593,33.17732
2594,33.16955
2595,33.16308
2596,33.156605
2597,33.15013
2598,33.143658
2599,33.137184
2600,33.132004
2601,33.124237
2602,33.117764
2603,33.112583
2604,33.104816
2605,33.09834
2606,33.090572
2607,33.085396
2608,33.078922
2609,33.07245
2610,33.06468
2611,33.0595
2612,33.05173
2613,33.045258
2614,33.038784
2615,33.03231
2616,33.027134
2617,33.019363
2618,33.01289
2619,33.006416
2620,32.999943
2621,32.994762
2622,29.695805
2623,29.691921
2624,29.681562
2625,29.675089
2626,29.668615
2627,29.668615
2628,29.664732
2629,29.65567
2630,29.649197
2631,29.641428
2632,29.63625
2633,29.63366
2634,29.627186
2635,29.623302
2636,29.611647
2637,29.60129
2638,29.594816
2639,29.590933
2640,29.585754
2641,29.575396
2642,29.571512
2643,29.566334
2644,29.555977
2645,29.552092
2646,29.546913
2647,29.541735
2648,29.531374
2649,29.526196
2650,29.522312
2651,29.517134
2652,29.51066
2653,29.499008
2654,26.54574
2655,26.539267
2656,26.537971
2657,26.531498
2658,26.519846
2659,26.51855
2660,26.513372
2661,26.50949
2662,26.50172
2663,26.495247
2664,26.492657
2665,26.483595
2666,26.481005
2667,26.473234
2668,26.46676
2669,26.464172
2670,26.457699
2671,26.448635
2672,26.439573
2673,26.435688
2674,26.435688
2675,26.425331
2676,26.42274
2677,26.414974
2678,26.407206
2679,26.403322
2680,26.396849
2681,26.392963
2682,26.389078
2683,26.37872
2684,26.376131
2685,26.365772
2686,23.737482
2687,23.732302
2688,23.724535
2689,23.72065
2690,23.712883
2691,23.705114
2692,23.70382
2693,23.69864
2694,23.690872
2695,23.684399
2696,23.680515
2697,23.675337
2698,23.674042
2699,23.667568
2700,23.663685
2701,23.657211
2702,23.650734
2703,23.64685
2704,23.644262
2705,23.633904
2706,23.633904
2707,23.63002
2708,23.620956
2709,23.614483
2710,23.609304
2711,23.604126
2712,23.600243
2713,23.595064
2714,23.592474
2715,23.587296
2716,23.582117
2717,23.578232
2718,21.256792
2719,21.250315
2720,21.250315
2721,21.24902
2722,21.242548
2723,21.230894
2724,21.230894
2725,21.22442
2726,21.220537
2727,21.214064
2728,21.21018
2729,21.21018
2730,21.202412
2731,21.197233
2732,21.195938
2733,21.184284
2734,21.179106
2735,21.179106
2736,21.173927
2737,21.171339
2738,21.16357
2739,21.16098
2740,21.157097
2741,21.150623
2742,21.144148
2743,21.142855
2744,21.14156
2745,21.133791
2746,21.128613
2747,21.124727
2748,21.120844
2749,21.118256
2750,19.05317
2751,19.046696
2752,19.044106
2753,19.041517
2754,19.038927
2755,19.032452
2756,19.027273
2757,19.024685
2758,19.022095
2759,19.014326
2760,19.00656
2761,19.005264
2762,19.00397
2763,18.99879
2764,18.9962
2765,18.99361
2766,18.991022
2767,18.983253
2768,18.978075
2769,18.971601
2770,18.966423
2771,18.963833
2772,18.962538
2773,18.95995
2774,18.953474
2775,18.94959
2776,18.943117
2777,18.939232
2778,18.932758
2779,18.928875
2780,18.92758
2781,18.922401
2782,17.06965
2783,17.065765
2784,17.061882
2785,17.059294
2786,17.05282
2787,17.05282
2788,17.046345
2789,17.04505
2790,17.038576
2791,17.033398
2792,17.033398
2793,17.03081
2794,17.02304
2795,17.019156
2796,17.017862
2797,17.011389
2798,17.010094
2799,17.006208
2800,17.003618
2801,16.99844
2802,16.99844
2803,16.993261
2804,16.988083
2805,16.984198
2806,16.982904
2807,16.97643
2808,16.971252
2809,16.968662
2810,16.967367
2811,16.963482
2812,16.962187
2813,16.957008
2814,15.289404
2815,15.290698
2816,15.28293
2817,15.280341
2818,15.276457
2819,15.271278
2820,15.268689
2821,15.263509
2822,15.266098
2823,15.25833
2824,15.251857
2825,15.250562
2826,15.249268
2827,15.244088
2828,15.244088
2829,15.244088
2830,15.23891
2831,15.232436
2832,15.233731
2833,15.231142
2834,15.224667
2835,15.223372
2836,15.218194
2837,15.218194
2838,15.213015
2839,15.206541
2840,15.203952
2841,15.202658
2842,15.201363
2843,15.188416
2844,15.189711
2845,15.188416
2846,13.68006
2847,13.674882
2848,13.670998
2849,13.673588
2850,13.672293
2851,13.670998
2852,13.665819
2853,13.659346
2854,13.6580515
2855,13.655462
2856,13.648987
2857,13.642513
2858,13.648987
2859,13.643808
2860,13.639924
2861,13.634746
2862,13.634746
2863,13.6334505
2864,13.630861
2865,13.628272
2866,13.624388
2867,13.625683
2868,13.623094
2869,13.615325
2870,13.6088505
2871,13.6101465
2872,13.603672
2873,13.603672
2874,13.599788
2875,13.599788
2876,13.594609
2877,13.593314
2878,12.229969
2879,12.22738
2880,12.2234955
2881,12.218317
2882,12.222201
2883,12.213139
2884,12.2118435
2885,12.217022
2886,12.2118435
2887,12.2118435
2888,12.20537
2889,12.200191
2890,12.201486
2891,12.198895
2892,12.200191
2893,12.193717
2894,12.191128
2895,12.184654
2896,12.183359
2897,12.176886
2898,12.175591
2899,12.175591
2900,12.170412
2901,12.169118
2902,12.166529
2903,12.165234
2904,12.162644
2905,12.157464
2906,12.153581
2907,12.148401
2908,12.152286
2909,12.1509905
2910,10.90676
2911,10.905466
2912,10.904171
2913,10.895108
2914,10.891224
2915,10.892519
2916,10.892519
2917,10.88993
2918,10.887341
2919,10.880867
2920,10.879572
2921,10.879572
2922,10.878278
2923,10.875688
2924,10.871802
2925,10.86533
2926,10.869213
2927,10.86533
2928,10.86274
2929,10.857561
2930,10.852383
2931,10.853677
2932,10.849793
2933,10.847203
2934,10.844614
2935,10.8381405
2936,10.844614
2937,10.844614
2938,10.835551
2939,10.831666
2940,10.831666
2941,10.831666
2942,9.697488
2943,9.696193
2944,9.694899
2945,9.692309
2946,9.692309
2947,9.688425
2948,9.684541
2949,9.680656
2950,9.680656
2951,9.679361
2952,9.678067
2953,9.672888
2954,9.669004
2955,9.670299
2956,9.667709
2957,9.663825
2958,9.66253
2959,9.6573515
2960,9.656056
2961,9.653467
2962,9.652173
2963,9.649583
2964,9.641814
2965,9.64052
2966,9.64052
2967,9.635341
2968,9.639225
2969,9.634047
2970,9.631457
2971,9.626278
2972,9.626278
2973,9.622395
2974,8.593088
2975,8.591793
2976,8.586615
2977,8.587909
2978,8.5853195
2979,8.584024
2980,8.581435
2981,8.581435
2982,8.58014
2983,8.578846
2984,8.58014
2985,8.577551
2986,8.574962
2987,8.571077
2988,8.565899
2989,8.563309
2990,8.5607195
2991,8.55813
2992,8.555541
2993,8.554246
2994,8.552952
2995,8.551657
2996,8.547772
2997,8.547772
2998,8.547772
2999,8.547772
3000,8.546478
3001,8.543888
3002,8.541299
3003,8.536119
3004,8.530941
3005,8.536119
3006,7.5456553
3007,7.543066
3008,7.540477
3009,7.540477
3010,7.5417714
3011,7.5365925
3012,7.5327086
3013,7.530119
3014,7.5249395
3015,7.5210557
3016,7.5223503
3017,7.5223503
3018,7.517172
3019,7.511993
3020,7.5106983
3021,7.5094037
3022,7.5042243
3023,7.4990454
3024,7.4951615
3025,7.492572
3026,7.492572
3027,7.486098
3028,7.4783297
3029,7.4796243
3030,7.4757404
3031,7.4718566
3032,7.469267
3033,7.4640875
3034,7.4640875
3035,7.4602036
3036,7.4576144
3037,7.45373
3038,0.3366284
3039,0.319797
3040,0.3042603
3041,0.2874289
3042,0.27318692
3043,0.25247133
3044,0.2408188
3045,0.22269265
3046,0.20845068
3047,0.19032453
3048,0.1734931
3049,0.15666169
3050,0.14371444
3051,0.12429357
3052,0.11134633
3053,0.089336
3054,0.07509403
3055,0.058262613
3056,0.04143119
3057,0.023305044
3058,0.0038841742
3059,-0.0090630725
3060,-0.02718922
3061,-0.044020638
3062,-0.059557337
3063,-0.0789782
3064,-0.09192545
3065,-0.1100516
3066,-0.12429357
3067,-0.14241971
3068,-0.16054586
3069,-0.17478783
3070,-7.600034
3071,-7.615571
3072,-7.6259284
3073,-7.64276
3074,-7.6544127
3075,-7.669949
3076,-7.6867805
3077,-7.6958437
3078,-7.713969
3079,-7.725622
3080,-7.7424536
3081,-7.7566953
3082,-7.7670536
3083,-7.783885
3084,-7.7981267
3085,-7.8136635
3086,-7.8279057
3087,-7.838263
3088,-7.856389
3089,-7.8693366
3090,-7.8848734
3091,-7.9004097
3092,-7.9120626
3093,-7.9301887
3094,-7.9431357
3095,-7.959967
3096,-7.97162
3097,-7.9858623
3098,-8.000104
3099,-8.013051
3100,-8.028588
3101,-8.041535
3102,-14.477611
3103,-14.493149
3104,-14.503506
3105,-14.517748
3106,-14.528106
3107,-14.541053
3108,-14.555295
3109,-14.565653
3110,-14.5786
3111,-14.591547
3112,-14.607084
3113,-14.620031
3114,-14.631683
3115,-14.645926
3116,-14.656283
3117,-14.670526
3118,-14.683473
3119,-14.695126
3120,-14.711957
3121,-14.708073
3122,-14.722314
3123,-14.753387
3124,-14.754683
3125,-14.776693
3126,-14.784461
3127,-14.802587
3128,-14.811651
3129,-14.825892
3130,-14.83625
3131,-14.849197
3132,-14.86344
3133,-14.876387
3134,-20.663807
3135,-20.678047
3136,-20.685816
3137,-20.69747
3138,-20.710417
3139,-20.722069
3140,-20.735016
3141,-20.745375
3142,-20.757027
3143,-20.767384
3144,-20.779037
3145,-20.794573
3146,-20.803637
3147,-20.815289
3148,-20.826942
3149,-20.838594
3150,-20.85413
3151,-20.8619
3152,-20.87614
3153,-20.887793
3154,-20.90074
3155,-20.916277
3156,-20.924046
3157,-20.936993
3158,-20.947351
3159,-20.959003
3160,-20.97195
3161,-20.981012
3162,-20.993961
3163,-21.005613
3164,-21.01856
3165,-21.035393
3166,-26.374836
3167,-26.387783
3168,-26.396849
3169,-26.40591
3170,-26.417562
3171,-26.426626
3172,-26.439573
3173,-26.448635
3174,-26.458992
3175,-26.47194
3176,-26.483595
3177,-26.493952
3178,-26.504309
3179,-26.512077
3180,-26.522434
3181,-26.534088
3182,-26.54574
3183,-26.553507
3184,-26.565163
3185,-26.576815
3186,-26.588467
3187,-26.601414
3188,-26.609182
3189,-26.622128
3190,-26.631191
3191,-26.64414
3192,-26.655792
3193,-26.66356
3194,-26.675213
3195,-26.682981
3196,-26.695929
3197,-26.706285
3198,-28.650963
3199,-28.64449
3200,-28.63931
3201,-28.638016
3202,-28.631542
3203,-28.625067
3204,-28.618593
3205,-28.61471
3206,-28.609531
3207,-28.605646
3208,-28.599173
3209,-28.593994
3210,-28.58752
3211,-28.584932
3212,-28.579754
3213,-28.574574
3214,-28.569395
3215,-28.562922
3216,-28.559038
3217,-28.561628
3218,-28.560333
3219,-28.539616
3220,-28.53832
3221,-28.533142
3222,-28.529257
3223,-28.52149
3224,-28.516312
3225,-28.511131
3226,-28.509838
3227,-28.50207
3228,-28.496891
3229,-28.490417
3230,-26.189692
3231,-26.180628
3232,-26.176744
3233,-26.171566
3234,-26.168976
3235,-26.165092
3236,-26.156029
3237,-26.154734
3238,-26.14826
3239,-26.146967
3240,-26.141785
3241,-26.132723
3242,-26.132723
3243,-26.12625
3244,-26.122364
3245,-26.119776
3246,-26.109417
3247,-26.109417
3248,-26.100355
3249,-26.100355
3250,-26.096472
3251,-26.086113
3252,-26.084818
3253,-26.07964
3254,-26.075756
3255,-26.071873
3256,-26.061514
3257,-26.06022
3258,-26.056334
3259,-26.052448
3260,-26.04727
3261,-26.040796
3262,-23.743958
3263,-23.737482
3264,-23.733597
3265,-23.729713
3266,-23.728418
3267,-23.72065
3268,-23.716766
3269,-23.710293
3270,-23.70641
3271,-23.70382
3272,-23.697346
3273,-23.693462
3274,-23.688284
3275,-23.684399
3276,-23.683104
3277,-23.676632
3278,-23.671452
3279,-23.664978
3280,-23.661095
3281,-23.6598
3282,-23.653324
3283,-23.64944
3284,-23.641672
3285,-23.640377
3286,-23.636494
3287,-23.631315
3288,-23.626135
3289,-23.620956
3290,-23.619663
3291,-23.61319
3292,-23.609304
3293,-23.60283
3294,-21.579176
3295,-21.572702
3296,-21.566229
3297,-21.566229
3298,-21.562344
3299,-21.55846
3300,-21.553282
3301,-21.548103
3302,-21.546808
3303,-21.542925
3304,-21.53904
3305,-21.535156
3306,-21.527388
3307,-21.5248
3308,-21.520914
3309,-21.519619
3310,-21.51444
3311,-21.507967
3312,-21.504084
3313,-21.51444
3314,-21.515736
3315,-21.491135
3316,-21.48984
3317,-21.484661
3318,-21.485956
3319,-21.479483
3320,-21.47301
3321,-21.469124
3322,-21.46524
3323,-21.463945
3324,-21.460062
3325,-21.453588
3326,-19.670752
3327,-19.662985
3328,-19.66169
3329,-19.652626
3330,-19.65651
3331,-19.650036
3332,-19.64874
3333,-19.642267
3334,-19.638384
3335,-19.635796
3336,-19.6345
3337,-19.629322
3338,-19.624142
3339,-19.620258
3340,-19.618963
3341,-19.61767
3342,-19.611195
3343,-19.608604
3344,-19.60213
3345,-19.604721
3346,-19.596952
3347,-19.594364
3348,-19.591774
3349,-19.582712
3350,-19.589186
3351,-19.576239
3352,-19.581417
3353,-19.571058
3354,-19.567173
3355,-19.572353
3356,-19.556816
3357,-19.568468
3358,-17.979841
3359,-17.974663
3360,-17.97078
3361,-17.966894
3362,-17.965601
3363,-17.965601
3364,-17.95783
3365,-17.956535
3366,-17.948769
3367,-17.948769
3368,-17.947474
3369,-17.944883
3370,-17.941
3371,-17.933231
3372,-17.935822
3373,-17.931936
3374,-17.928053
3375,-17.92158
3376,-17.918991
3377,-17.918991
3378,-17.916399
3379,-17.912516
3380,-17.908632
3381,-17.904747
3382,-17.903452
3383,-17.902159
3384,-17.89698
3385,-17.8918
3386,-17.889212
3387,-17.889212
3388,-17.885326
3389,-17.881443
3390,-16.475372
3391,-16.472782
3392,-16.465014
3393,-16.468899
3394,-16.459835
3395,-16.462423
3396,-16.46113
3397,-16.450771
3398,-16.45595
3399,-16.444298
3400,-16.448183
3401,-16.448183
3402,-16.435236
3403,-16.44171
3404,-16.430058
3405,-16.435236
3406,-16.43394
3407,-16.422287
3408,-16.428762
3409,-16.43135
3410,-16.43912
3411,-16.415813
3412,-16.410635
3413,-16.413225
3414,-16.404161
3415,-16.406752
3416,-16.405457
3417,-16.393805
3418,-16.400278
3419,-16.391214
3420,-16.393805
3421,-16.391214
3422,-15.134036
3423,-15.132742
3424,-15.130153
3425,-15.126268
3426,-15.123679
3427,-15.12109
3428,-15.122384
3429,-15.117206
3430,-15.114616
3431,-15.110732
3432,-15.112027
3433,-15.109438
3434,-15.105554
3435,-15.101669
3436,-15.097784
3437,-15.097784
3438,-15.095195
3439,-15.092606
3440,-15.090016
3441,-15.087426
3442,-15.086132
3443,-15.084837
3444,-15.0796585
3445,-15.078363
3446,-15.071891
3447,-15.07448
3448,-15.071891
3449,-15.069301
3450,-15.065417
3451,-15.060238
3452,-15.062827
3453,-15.058942
3454,-13.928648
3455,-13.939006
3456,-13.933826
3457,-13.926059
3458,-13.931237
3459,-13.91829
3460,-13.928648
3461,-13.91829
3462,-13.91829
3463,-13.915701
3464,-13.910522
3465,-13.91829
3466,-13.906638
3467,-13.910522
3468,-13.90146
3469,-13.904049
3470,-13.904049
3471,-13.894985
3472,-13.900165
3473,-13.887217
3474,-13.894985
3475,-13.889806
3476,-13.887217
3477,-13.888512
3478,-13.875565
3479,-13.885922
3480,-13.87686
3481,-13.879449
3482,-13.872975
3483,-13.867797
3484,-13.8742695
3485,-13.863913
3486,-12.854027
3487,-12.855321
3488,-12.854027
3489,-12.851437
3490,-12.847553
3491,-12.843669
3492,-12.844964
3493,-12.844964
3494,-12.839785
3495,-12.8384905
3496,-12.835901
3497,-12.835901
3498,-12.834606
3499,-12.829428
3500,-12.828133
3501,-12.825543
3502,-12.826838
3503,-12.824248
3504,-12.819069
3505,-12.833311
3506,-12.826838
3507,-12.8138895
3508,-12.815185
3509,-12.808711
3510,-12.808711
3511,-12.803533
3512,-12.810006
3513,-12.8022375
3514,-12.800943
3515,-12.795764
3516,-12.797059
3517,-12.798353
3518,-11.885572
3519,-11.875216
3520,-11.884278
3521,-11.872626
3522,-11.87651
3523,-11.871331
3524,-11.867446
3525,-11.87651
3526,-11.860972
3527,-11.871331
3528,-11.857088
3529,-11.868741
3530,-11.859678
3531,-11.859678
3532,-11.854499
3533,-11.854499
3534,-11.85191
3535,-11.853205
3536,-11.8506155
3537,-11.845436
3538,-11.846731
3539,-11.842847
3540,-11.846731
3541,-11.837668
3542,-11.841552
3543,-11.832489
3544,-11.838963
3545,-11.832489
3546,-11.832489
3547,-11.82731
3548,-11.82731
3549,-11.828606
3550,-10.999982
3551,-10.997391
3552,-10.998686
3553,-10.997391
3554,-10.990917
3555,-10.990917
3556,-10.989623
3557,-10.989623
3558,-10.987034
3559,-10.98315
3560,-10.98315
3561,-10.981854
3562,-10.981854
3563,-10.979265
3564,-10.976676
3565,-10.975381
3566,-10.971498
3567,-10.972792
3568,-10.970202
3569,-10.968908
3570,-10.963729
3571,-10.965024
3572,-10.967613
3573,-10.96114
3574,-10.96114
3575,-10.955959
3576,-10.95855
3577,-10.957254
3578,-10.952076
3579,-10.952076
3580,-10.948192
3581,-10.950781
3582,-10.195957
3583,-10.194662
3584,-10.197251
3585,-10.194662
3586,-10.192073
3587,-10.189484
3588,-10.188189
3589,-10.188189
3590,-10.185599
3591,-10.184304
3592,-10.18042
3593,-10.18042
3594,-10.18042
3595,-10.177831
3596,-10.177831
3597,-10.171357
3598,-10.172652
3599,-10.173946
3600,-10.172652
3601,-10.18301
3602,-10.173946
3603,-10.162294
3604,-10.167473
3605,-10.162294
3606,-10.162294
3607,-10.157115
3608,-10.159704
3609,-10.15841
3610,-10.157115
3611,-10.153231
3612,-10.151937
3613,-10.151937
3614,-9.460553
3615,-9.460553
3616,-9.460553
3617,-9.459259
3618,-9.457964
3619,-9.455374
3620,-9.455374
3621,-9.45408
3622,-9.452785
3623,-9.45149
3624,-9.448901
3625,-9.446311
3626,-9.447606
3627,-9.445017
3628,-9.445017
3629,-9.441133
3630,-9.437248
3631,-9.441133
3632,-9.439837
3633,-9.437248
3634,-9.434659
3635,-9.432069
3636,-9.434659
3637,-9.433364
3638,-9.428185
3639,-9.42689
3640,-9.425595
3641,-9.42689
3642,-9.425595
3643,-9.421712
3644,-9.421712
3645,-9.419123
3646,-8.7898855
3647,-8.788591
3648,-8.787296
3649,-8.787296
3650,-8.786001
3651,-8.784707
3652,-8.780823
3653,-8.780823
3654,-8.780823
3655,-8.780823
3656,-8.776938
3657,-8.774349
3658,-8.775644
3659,-8.775644
3660,-8.774349
3661,-8.770465
3662,-8.767876
3663,-8.76917
3664,-8.767876
3665,-8.767876
3666,-8.762696
3667,-8.763991
3668,-8.761402
3669,-8.762696
3670,-8.760107
3671,-8.758813
3672,-8.757518
3673,-8.754929
3674,-8.757518
3675,-8.7536335
3676,-8.752339
3677,-8.749749
3678,-8.171007
3679,-8.172302
3680,-8.168418
3681,-8.169713
3682,-8.171007
3683,-8.168418
3684,-8.164534
3685,-8.161944
3686,-8.1632395
3687,-8.1632395
3688,-8.160649
3689,-8.159355
3690,-8.156766
3691,-8.159355
3692,-8.159355
3693,-8.155471
3694,-8.155471
3695,-8.151587
3696,-8.154177
3697,-8.168418
3698,-8.15806
3699,-8.146407
3700,-8.147702
3701,-8.145113
3702,-8.146407
3703,-8.143818
3704,-8.142524
3705,-8.139935
3706,-8.142524
3707,-8.141229
3708,-8.138639
3709,-8.134755
3710,-7.6052127
3711,-7.6026235
3712,-7.598739
3713,-7.598739
3714,-7.598739
3715,-7.600034
3716,-7.5974445
3717,-7.5948553
3718,-7.5935607
3719,-7.5935607
3720,-7.5948553
3721,-7.589676
3722,-7.5883813
3723,-7.5870867
3724,-7.589676
3725,-7.5883813
3726,-7.5832024
3727,-7.584497
3728,-7.5819077
3729,-7.585792
3730,-7.5819077
3731,-7.580613
3732,-7.578024
3733,-7.578024
3734,-7.5793185
3735,-7.576729
3736,-7.575434
3737,-7.572845
3738,-7.5715504
3739,-7.5741396
3740,-7.572845
3741,-7.56896
3742,-7.074376
3743,-7.074376
3744,-7.0730805
3745,-7.0691967
3746,-7.0704913
3747,-7.0704913
3748,-7.0691967
3749,-7.067902
3750,-7.064018
3751,-7.0653124
3752,-7.0653124
3753,-7.064018
3754,-7.062723
3755,-7.060134
3756,-7.0588393
3757,-7.0588393
3758,-7.0588393
3759,-7.0562496
3760,-7.054955
3761,-7.054955
3762,-7.054955
3763,-7.0536604
3764,-7.05107
3765,-7.0497756
3766,-7.0497756
3767,-7.05107
3768,-7.048481
3769,-7.0471864
3770,-7.044597
3771,-7.045892
3772,-7.045892
3773,-7.0433025
3774,-6.579791
3775,-6.58497
3776,-6.5836754
3777,-6.58497
3778,-6.577202
3779,-6.5784965
3780,-6.5823803
3781,-6.5784965
3782,-6.5759063
3783,-6.570728
3784,-6.5746117
3785,-6.5746117
3786,-6.5720224
3787,-6.573317
3788,-6.568138
3789,-6.5720224
3790,-6.569433
3791,-6.569433
3792,-6.569433
3793,-6.5823803
3794,-6.573317
3795,-6.5629597
3796,-6.5668435
3797,-6.56037
3798,-6.5577807
3799,-6.5629597
3800,-6.56037
3801,-6.561665
3802,-6.556486
3803,-6.555191
3804,-6.5590754
3805,-6.553896
3806,-6.1266375
3807,-6.127932
3808,-6.127932
3809,-6.1266375
3810,-6.125343
3811,-6.124048
3812,-6.122753
3813,-6.125343
3814,-6.124048
3815,-6.1201634
3816,-6.1201634
3817,-6.116279
3818,-6.124048
3819,-6.11369
3820,-6.1214585
3821,-6.1072164
3822,-6.122753
3823,-6.1111007
3824,-6.1175737
3825,-6.108511
3826,-6.1111007
3827,-6.1123953
3828,-6.108511
3829,-6.1123953
3830,-6.104627
3831,-6.108511
3832,-6.104627
3833,-6.108511
3834,-6.104627
3835,-6.104627
3836,-6.100743
3837,-6.1033325
3838,-5.7006726
3839,-5.7019672
3840,-5.703262
3841,-5.7006726
3842,-5.7006726
3843,-5.699378
3844,-5.6980834
3845,-5.696789
3846,-5.699378
3847,-5.6980834
3848,-5.694199
3849,-5.69161
3850,-5.694199
3851,-5.694199
3852,-5.6929045
3853,-5.6890206
3854,-5.6890206
3855,-5.69161
3856,-5.6903152
3857,-5.686431
3858,-5.687726
3859,-5.683841
3860,-5.686431
3861,-5.685136
3862,-5.685136
3863,-5.683841
3864,-5.681252
3865,-5.6825466
3866,-5.681252
3867,-5.681252
3868,-5.6786623
3869,-5.676073
3870,-5.303192
3871,-5.303192
3872,-5.303192
3873,-5.2993083
3874,-5.3070765
3875,-5.2980137
3876,-5.3018975
3877,-5.2967186
3878,-5.2980137
3879,-5.300603
3880,-5.2941294
3881,-5.2980137
3882,-5.2941294
3883,-5.2941294
3884,-5.2967186
3885,-5.2928348
3886,-5.2915397
3887,-5.2928348
3888,-5.2889504
3889,-5.3161397
3890,-5.2941294
3891,-5.2863607
3892,-5.2928348
3893,-5.279887
3894,-5.2967186
3895,-5.282477
3896,-5.282477
3897,-5.2889504
3898,-5.2747083
3899,-5.2941294
3900,-5.276003
3901,-5.279887
3902,-4.932901
3903,-4.9303117
3904,-4.929017
3905,-4.9264274
3906,-4.9316063
3907,-4.929017
3908,-4.929017
3909,-4.9251328
3910,-4.9238377
3911,-4.9277225
3912,-4.9238377
3913,-4.9251328
3914,-4.9212484
3915,-4.9212484
3916,-4.922543
3917,-4.9212484
3918,-4.9212484
3919,-4.918659
3920,-4.918659
3921,-4.919954
3922,-4.918659
3923,-4.918659
3924,-4.9134803
3925,-4.914775
3926,-4.914775
3927,-4.914775
3928,-4.9134803
3929,-4.909596
3930,-4.912185
3931,-4.912185
3932,-4.912185
3933,-4.909596
3934,-4.589799
3935,-4.5833254
3936,-4.5781465
3937,-4.5846205
3938,-4.5729675
3939,-4.585915
3940,-4.5781465
3941,-4.575557
3942,-4.5807357
3943,-4.569083
3944,-4.5833254
3945,-4.5742626
3946,-4.5742626
3947,-4.5781465
3948,-4.5651994
3949,-4.5807357
3950,-4.5703783
3951,-4.5703783
3952,-4.5729675
3953,-4.561315
3954,-4.5781465
3955,-4.566494
3956,-4.569083
3957,-4.569083
3958,-4.561315
3959,-4.5742626
3960,-4.561315
3961,-4.5651994
3962,-4.5651994
3963,-4.5600204
3964,-4.569083
3965,-4.5587254
3966,-4.2531705
3967,-4.2531705
3968,-4.251876
3969,-4.2505813
3970,-4.249286
3971,-4.2479916
3972,-4.2505813
3973,-4.249286
3974,-4.2454023
3975,-4.2479916
3976,-4.242813
3977,-4.2479916
3978,-4.2479916
3979,-4.242813
3980,-4.2441077
3981,-4.2402234
3982,-4.246697
3983,-4.241518
3984,-4.242813
3985,-4.2583494
3986,-4.242813
3987,-4.242813
3988,-4.2389283
3989,-4.2389283
3990,-4.236339
3991,-4.236339
3992,-4.2376337
3993,-4.236339
3994,-4.236339
3995,-4.2324553
3996,-4.23375
3997,-4.2350445
3998,0.0
