0,0.040136464
1,0.03366284
2,0.037547015
3,0.037547015
4,0.040136464
5,0.03625229
6,0.03366284
7,0.037547015
8,0.03884174
9,0.03884174
10,0.03625229
11,0.034957565
12,0.037547015
13,0.037547015
14,0.03884174
15,0.03625229
16,0.037547015
17,0.03625229
18,0.037547015
19,0.040136464
20,0.034957565
21,0.03625229
22,0.034957565
23,0.037547015
24,0.040136464
25,0.03366284
26,0.03884174
27,0.03625229
28,0.03884174
29,0.03884174
30,0.032368116
31,0.03625229
32,0.034957565
33,0.03625229
34,0.020715594
35,0.022010319
36,0.03884174
37,0.032368116
38,0.034957565
39,0.031073393
40,0.034957565
41,0.03366284
42,0.03625229
43,0.03366284
44,0.032368116
45,0.03366284
46,0.03625229
47,0.034957565
48,0.03366284
49,0.031073393
50,0.034957565
51,0.034957565
52,0.03625229
53,0.032368116
54,0.03366284
55,0.034957565
56,0.034957565
57,0.03625229
58,0.032368116
59,0.03366284
60,0.03366284
61,0.03366284
62,0.029778669
63,0.031073393
64,0.03366284
65,0.031073393
66,0.032368116
67,0.031073393
68,0.032368116
69,0.034957565
70,0.03366284
71,0.032368116
72,0.031073393
73,0.031073393
74,0.03366284
75,0.032368116
76,0.031073393
77,0.029778669
78,0.031073393
79,0.034957565
80,0.03366284
81,0.032368116
82,0.029778669
83,0.03366284
84,0.034957565
85,0.032368116
86,0.032368116
87,0.031073393
88,0.034957565
89,0.032368116
90,0.029778669
91,0.03366284
92,0.032368116
93,0.03366284
94,0.029778669
95,0.031073393
96,0.029778669
97,0.032368116
98,0.03366284
99,0.029778669
100,0.029778669
101,0.029778669
102,0.03366284
103,0.032368116
104,0.031073393
105,0.031073393
106,0.031073393
107,0.032368116
108,0.032368116
109,0.031073393
110,0.029778669
111,0.031073393
112,0.032368116
113,0.031073393
114,0.029778669
115,0.029778669
116,0.031073393
117,0.03366284
118,0.032368116
119,0.029778669
120,0.029778669
121,0.029778669
122,0.03366284
123,0.031073393
124,0.031073393
125,0.028483944
126,0.031073393
127,0.029778669
128,0.02718922
129,0.031073393
130,0.01683142
131,0.018126145
132,0.03366284
133,0.024599768
134,0.031073393
135,0.031073393
136,0.029778669
137,0.028483944
138,0.02718922
139,0.031073393
140,0.031073393
141,0.029778669
142,0.029778669
143,0.02718922
144,0.031073393
145,0.029778669
146,0.031073393
147,0.02718922
148,0.028483944
149,0.028483944
150,0.031073393
151,0.029778669
152,0.028483944
153,0.02718922
154,0.029778669
155,0.032368116
156,0.028483944
157,0.028483944
158,0.02718922
159,0.02718922
160,0.025894493
161,0.023305044
162,0.029778669
163,0.024599768
164,0.029778669
165,0.024599768
166,0.024599768
167,0.029778669
168,0.023305044
169,0.031073393
170,0.022010319
171,0.025894493
172,0.02718922
173,0.024599768
174,0.032368116
175,0.020715594
176,0.028483944
177,0.025894493
178,0.025894493
179,0.032368116
180,0.018126145
181,0.029778669
182,0.024599768
183,0.02718922
184,0.029778669
185,0.01942087
186,0.031073393
187,0.024599768
188,0.028483944
189,0.029778669
190,0.024599768
191,0.02718922
192,0.025894493
193,0.022010319
194,0.023305044
195,0.023305044
196,0.025894493
197,0.024599768
198,0.023305044
199,0.023305044
200,0.023305044
201,0.025894493
202,0.025894493
203,0.024599768
204,0.023305044
205,0.024599768
206,0.025894493
207,0.025894493
208,0.022010319
209,0.023305044
210,0.024599768
211,0.02718922
212,0.025894493
213,0.023305044
214,0.023305044
215,0.025894493
216,0.025894493
217,0.025894493
218,0.022010319
219,0.023305044
220,0.024599768
221,0.025894493
222,0.024599768
223,0.020715594
224,0.029778669
225,0.023305044
226,0.0077683483
227,0.014241972
228,0.023305044
229,0.029778669
230,0.022010319
231,0.024599768
232,0.025894493
233,0.01942087
234,0.032368116
235,0.018126145
236,0.02718922
237,0.022010319
238,0.020715594
239,0.031073393
240,0.01683142
241,0.02718922
242,0.022010319
243,0.023305044
244,0.028483944
245,0.018126145
246,0.029778669
247,0.01942087
248,0.025894493
249,0.024599768
250,0.020715594
251,0.029778669
252,0.01683142
253,0.028483944
254,0.01942087
255,0.023305044
256,0.01942087
257,0.024599768
258,0.023305044
259,0.020715594
260,0.022010319
261,0.022010319
262,0.025894493
263,0.023305044
264,0.020715594
265,0.020715594
266,0.022010319
267,0.024599768
268,0.022010319
269,0.01942087
270,0.023305044
271,0.022010319
272,0.024599768
273,0.023305044
274,0.022010319
275,0.022010319
276,0.020715594
277,0.025894493
278,0.022010319
279,0.023305044
280,0.018126145
281,0.023305044
282,0.024599768
283,0.023305044
284,0.01942087
285,0.020715594
286,0.01942087
287,0.01942087
288,0.014241972
289,0.023305044
290,0.018126145
291,0.022010319
292,0.01683142
293,0.018126145
294,0.023305044
295,0.018126145
296,0.024599768
297,0.015536697
298,0.020715594
299,0.020715594
300,0.01942087
301,0.023305044
302,0.014241972
303,0.020715594
304,0.018126145
305,0.022010319
306,0.020715594
307,0.01683142
308,0.020715594
309,0.01942087
310,0.022010319
311,0.020715594
312,0.015536697
313,0.020715594
314,0.01942087
315,0.020715594
316,0.01942087
317,0.015536697
318,0.022010319
319,0.01942087
320,0.01683142
321,0.01942087
322,0.0051788986
323,0.012947246
324,0.020715594
325,0.014241972
326,0.020715594
327,0.015536697
328,0.022010319
329,0.018126145
330,0.018126145
331,0.018126145
332,0.01942087
333,0.020715594
334,0.01942087
335,0.01683142
336,0.018126145
337,0.01942087
338,0.022010319
339,0.01942087
340,0.01683142
341,0.018126145
342,0.01942087
343,0.020715594
344,0.018126145
345,0.018126145
346,0.020715594
347,0.018126145
348,0.020715594
349,0.018126145
350,0.01683142
351,0.020715594
352,0.01683142
353,0.018126145
354,0.01683142
355,0.018126145
356,0.020715594
357,0.01683142
358,0.018126145
359,0.015536697
360,0.01942087
361,0.01942087
362,0.01942087
363,0.01683142
364,0.01683142
365,0.01942087
366,0.01942087
367,0.01683142
368,0.01683142
369,0.018126145
370,0.01942087
371,0.01942087
372,0.01683142
373,0.01683142
374,0.01683142
375,0.018126145
376,0.01942087
377,0.01683142
378,0.01683142
379,0.01683142
380,0.018126145
381,0.020715594
382,0.015536697
383,0.015536697
384,0.018126145
385,0.012947246
386,0.01683142
387,0.012947246
388,0.01683142
389,0.018126145
390,0.012947246
391,0.01683142
392,0.014241972
393,0.015536697
394,0.01942087
395,0.012947246
396,0.015536697
397,0.012947246
398,0.015536697
399,0.01942087
400,0.011652522
401,0.01683142
402,0.012947246
403,0.01683142
404,0.020715594
405,0.014241972
406,0.01683142
407,0.014241972
408,0.01683142
409,0.018126145
410,0.014241972
411,0.015536697
412,0.014241972
413,0.014241972
414,0.012947246
415,0.012947246
416,0.012947246
417,0.015536697
418,-0.0051788986
419,0.0038841742
420,0.014241972
421,0.011652522
422,0.018126145
423,0.011652522
424,0.012947246
425,0.014241972
426,0.014241972
427,0.015536697
428,0.012947246
429,0.012947246
430,0.012947246
431,0.014241972
432,0.015536697
433,0.011652522
434,0.012947246
435,0.011652522
436,0.014241972
437,0.01683142
438,0.012947246
439,0.011652522
440,0.012947246
441,0.015536697
442,0.01683142
443,0.011652522
444,0.012947246
445,0.012947246
446,0.012947246
447,0.011652522
448,0.011652522
449,0.015536697
450,0.014241972
451,0.014241972
452,0.011652522
453,0.011652522
454,0.015536697
455,0.012947246
456,0.014241972
457,0.011652522
458,0.011652522
459,0.012947246
460,0.014241972
461,0.012947246
462,0.010357797
463,0.012947246
464,0.014241972
465,0.015536697
466,0.012947246
467,0.010357797
468,0.011652522
469,0.015536697
470,0.014241972
471,0.011652522
472,0.010357797
473,0.014241972
474,0.014241972
475,0.012947246
476,0.011652522
477,0.012947246
478,0.014241972
479,0.010357797
480,0.010357797
481,0.010357797
482,0.014241972
483,0.011652522
484,0.012947246
485,0.011652522
486,0.011652522
487,0.014241972
488,0.012947246
489,0.014241972
490,0.010357797
491,0.011652522
492,0.012947246
493,0.014241972
494,0.012947246
495,0.0090630725
496,0.011652522
497,0.012947246
498,0.015536697
499,0.010357797
500,0.010357797
501,0.012947246
502,0.012947246
503,0.014241972
504,0.010357797
505,0.011652522
506,0.011652522
507,0.011652522
508,0.014241972
509,0.010357797
510,0.011652522
511,0.012947246
512,0.0090630725
513,0.0090630725
514,-0.0090630725
515,0.0051788986
516,0.011652522
517,0.006473623
518,0.0090630725
519,0.006473623
520,0.011652522
521,0.011652522
522,0.0077683483
523,0.0090630725
524,0.0090630725
525,0.010357797
526,0.011652522
527,0.0077683483
528,0.0090630725
529,0.0077683483
530,0.011652522
531,0.010357797
532,0.0077683483
533,0.0090630725
534,0.0077683483
535,0.011652522
536,0.011652522
537,0.0090630725
538,0.0077683483
539,0.0077683483
540,0.010357797
541,0.0090630725
542,0.006473623
543,0.010357797
544,0.010357797
545,0.0090630725
546,0.0051788986
547,0.0090630725
548,0.010357797
549,0.010357797
550,0.0077683483
551,0.0051788986
552,0.0090630725
553,0.010357797
554,0.010357797
555,0.006473623
556,0.006473623
557,0.0090630725
558,0.010357797
559,0.0090630725
560,0.006473623
561,0.0077683483
562,0.0077683483
563,0.010357797
564,0.0090630725
565,0.0077683483
566,0.0090630725
567,0.0090630725
568,0.0090630725
569,0.012947246
570,0.0090630725
571,0.0077683483
572,0.006473623
573,0.010357797
574,0.006473623
575,0.0077683483
576,0.0090630725
577,0.010357797
578,0.0077683483
579,0.006473623
580,0.0090630725
581,0.0090630725
582,0.010357797
583,0.0077683483
584,0.006473623
585,0.0077683483
586,0.0077683483
587,0.010357797
588,0.006473623
589,0.0077683483
590,0.0077683483
591,0.0090630725
592,0.010357797
593,0.006473623
594,0.0077683483
595,0.0077683483
596,0.0090630725
597,0.0090630725
598,0.006473623
599,0.006473623
600,0.0077683483
601,0.0090630725
602,0.0090630725
603,0.0051788986
604,0.0090630725
605,0.006473623
606,0.006473623
607,0.0051788986
608,0.0077683483
609,0.0077683483
610,-0.011652522
611,0.0038841742
612,0.0051788986
613,0.006473623
614,0.0077683483
615,0.006473623
616,0.006473623
617,0.0038841742
618,0.0077683483
619,0.006473623
620,0.010357797
621,0.006473623
622,0.0051788986
623,0.006473623
624,0.006473623
625,0.010357797
626,0.0025894493
627,0.006473623
628,0.006473623
629,0.0077683483
630,0.0090630725
631,0.0025894493
632,0.0077683483
633,0.0077683483
634,0.0077683483
635,0.0077683483
636,0.0051788986
637,0.006473623
638,0.006473623
639,0.0025894493
640,0.0051788986
641,0.0025894493
642,0.0051788986
643,0.0077683483
644,0.0
645,0.0077683483
646,0.0
647,0.006473623
648,0.006473623
649,0.0012947246
650,0.006473623
651,0.0
652,0.0090630725
653,0.0038841742
654,0.0025894493
655,0.0051788986
656,0.0012947246
657,0.0090630725
658,0.0025894493
659,0.0038841742
660,0.0038841742
661,0.0025894493
662,0.0077683483
663,0.0025894493
664,0.0051788986
665,0.0038841742
666,0.0038841742
667,0.0077683483
668,0.0025894493
669,0.006473623
670,0.0025894493
671,0.0038841742
672,0.0025894493
673,0.0012947246
674,0.0025894493
675,0.0051788986
676,0.006473623
677,0.0012947246
678,0.0025894493
679,0.0025894493
680,0.0051788986
681,0.0038841742
682,0.0
683,0.0025894493
684,0.0025894493
685,0.0051788986
686,0.0038841742
687,0.0025894493
688,0.0038841742
689,0.0038841742
690,0.006473623
691,0.0025894493
692,0.0025894493
693,0.0025894493
694,0.0025894493
695,0.0051788986
696,0.0038841742
697,0.0025894493
698,0.0025894493
699,0.0025894493
700,0.006473623
701,0.0038841742
702,0.0012947246
703,0.0025894493
704,0.0090630725
705,-0.0051788986
706,-0.015536697
707,0.0
708,0.0012947246
709,0.0077683483
710,-0.0025894493
711,0.0038841742
712,0.0038841742
713,0.0012947246
714,0.006473623
715,-0.0012947246
716,0.0038841742
717,0.0038841742
718,0.0012947246
719,0.0077683483
720,-0.0012947246
721,0.0038841742
722,0.0025894493
723,0.0
724,0.006473623
725,-0.0012947246
726,0.0025894493
727,0.0025894493
728,0.0012947246
729,0.0090630725
730,-0.0038841742
731,0.0038841742
732,0.0012947246
733,0.0012947246
734,-0.0012947246
735,0.0012947246
736,0.0038841742
737,0.0025894493
738,0.0012947246
739,0.0
740,0.0025894493
741,0.0025894493
742,0.0025894493
743,0.0
744,0.0012947246
745,0.0012947246
746,0.0012947246
747,0.0025894493
748,0.0
749,0.0
750,0.0012947246
751,0.0038841742
752,0.0025894493
753,0.0
754,-0.0012947246
755,0.0025894493
756,0.0038841742
757,0.0012947246
758,-0.0012947246
759,0.0
760,0.0025894493
761,0.0025894493
762,0.0025894493
763,0.0
764,0.0025894493
765,0.0
766,-0.0051788986
767,0.0
768,0.0
769,-0.0038841742
770,0.0038841742
771,-0.0077683483
772,0.0025894493
773,-0.0025894493
774,-0.0012947246
775,0.0038841742
776,-0.0077683483
777,0.0012947246
778,-0.0038841742
779,0.0012947246
780,0.0
781,-0.0038841742
782,-0.0012947246
783,-0.0012947246
784,0.0025894493
785,-0.0038841742
786,0.0
787,-0.0025894493
788,-0.0012947246
789,0.0025894493
790,-0.0038841742
791,0.0012947246
792,-0.0025894493
793,-0.0012947246
794,0.0025894493
795,-0.0012947246
796,-0.0025894493
797,-0.0012947246
798,0.0
799,-0.0038841742
800,0.0
801,-0.006473623
802,-0.020715594
803,0.0
804,-0.0051788986
805,-0.0012947246
806,-0.0025894493
807,0.0025894493
808,0.0
809,-0.0038841742
810,-0.0025894493
811,-0.0012947246
812,0.0012947246
813,-0.0025894493
814,-0.0038841742
815,-0.0025894493
816,-0.0012947246
817,0.0012947246
818,-0.0012947246
819,-0.0025894493
820,-0.0012947246
821,-0.0012947246
822,0.0012947246
823,-0.0025894493
824,0.0
825,-0.0038841742
826,0.0
827,0.0
828,-0.0025894493
829,-0.0012947246
830,-0.0012947246
831,0.0
832,-0.0038841742
833,-0.0025894493
834,-0.0012947246
835,-0.0012947246
836,0.0012947246
837,-0.0051788986
838,-0.0012947246
839,-0.0025894493
840,0.0012947246
841,-0.0025894493
842,-0.0038841742
843,-0.0012947246
844,-0.0025894493
845,0.0012947246
846,-0.0025894493
847,-0.0012947246
848,-0.0025894493
849,-0.0012947246
850,0.0
851,-0.0025894493
852,-0.0025894493
853,-0.0025894493
854,-0.0012947246
855,0.0012947246
856,-0.0025894493
857,-0.0025894493
858,-0.0025894493
859,0.0
860,0.0
861,-0.0025894493
862,-0.0038841742
863,-0.0012947246
864,-0.0012947246
865,-0.0077683483
866,-0.0038841742
867,-0.0025894493
868,-0.0025894493
869,0.0
870,-0.006473623
871,-0.0038841742
872,-0.0025894493
873,-0.0025894493
874,-0.0012947246
875,-0.0051788986
876,-0.0038841742
877,-0.0025894493
878,-0.0025894493
879,-0.0012947246
880,-0.0051788986
881,-0.0051788986
882,-0.0012947246
883,-0.0025894493
884,-0.0025894493
885,-0.0038841742
886,-0.0051788986
887,-0.0025894493
888,-0.0012947246
889,-0.0038841742
890,-0.0051788986
891,-0.0038841742
892,-0.0025894493
893,-0.0012947246
894,-0.0077683483
895,-0.0038841742
896,-0.0025894493
897,-0.010357797
898,-0.024599768
899,-0.0051788986
900,-0.0077683483
901,-0.0025894493
902,-0.0051788986
903,-0.0051788986
904,-0.0051788986
905,-0.0038841742
906,-0.0025894493
907,-0.0051788986
908,-0.0077683483
909,-0.0077683483
910,-0.0051788986
911,-0.0038841742
912,-0.0051788986
913,-0.0077683483
914,-0.0051788986
915,-0.0038841742
916,-0.0038841742
917,-0.0051788986
918,-0.0077683483
919,-0.0038841742
920,-0.006473623
921,-0.0025894493
922,-0.0077683483
923,-0.006473623
924,-0.006473623
925,-0.0051788986
926,-0.006473623
927,-0.0051788986
928,-0.006473623
929,-0.0025894493
930,-0.0077683483
931,-0.0038841742
932,-0.006473623
933,-0.006473623
934,-0.0025894493
935,-0.006473623
936,-0.0051788986
937,-0.0090630725
938,-0.0038841742
939,-0.0025894493
940,-0.006473623
941,-0.006473623
942,-0.0077683483
943,-0.0038841742
944,-0.0038841742
945,-0.0077683483
946,-0.0051788986
947,-0.006473623
948,-0.0038841742
949,-0.0038841742
950,-0.0077683483
951,-0.0038841742
952,-0.006473623
953,-0.0038841742
954,-0.0051788986
955,-0.0051788986
956,-0.006473623
957,-0.0090630725
958,-0.006473623
959,-0.006473623
960,-0.0051788986
961,-0.0090630725
962,-0.0025894493
963,-0.0077683483
964,-0.006473623
965,-0.0077683483
966,-0.0077683483
967,-0.0012947246
968,-0.0077683483
969,-0.006473623
970,-0.0077683483
971,-0.0051788986
972,-0.0038841742
973,-0.0077683483
974,-0.006473623
975,-0.006473623
976,-0.0051788986
977,-0.0038841742
978,-0.006473623
979,-0.006473623
980,-0.0090630725
981,-0.0051788986
982,-0.0051788986
983,-0.006473623
984,-0.006473623
985,-0.006473623
986,-0.0038841742
987,-0.0051788986
988,-0.0051788986
989,-0.0090630725
990,-0.006473623
991,-0.0077683483
992,-0.0090630725
993,-0.015536697
994,-0.024599768
995,-0.0038841742
996,-0.011652522
997,-0.0090630725
998,-0.0077683483
999,-0.006473623
1000,-0.006473623
1001,-0.0077683483
1002,-0.010357797
1003,-0.0077683483
1004,-0.0090630725
1005,-0.006473623
1006,-0.0090630725
1007,-0.010357797
1008,-0.0077683483
1009,-0.0090630725
1010,-0.0051788986
1011,-0.0090630725
1012,-0.010357797
1013,-0.0090630725
1014,-0.0077683483
1015,-0.0051788986
1016,-0.010357797
1017,-0.0090630725
1018,-0.0090630725
1019,-0.0077683483
1020,-0.006473623
1021,-0.010357797
1022,-0.0090630725
1023,-0.0051788986
1024,-0.010357797
1025,-0.010357797
1026,-0.0090630725
1027,-0.0090630725
1028,-0.0051788986
1029,-0.011652522
1030,-0.010357797
1031,-0.010357797
1032,-0.0090630725
1033,-0.006473623
1034,-0.011652522
1035,-0.0077683483
1036,-0.011652522
1037,-0.0077683483
1038,-0.006473623
1039,-0.010357797
1040,-0.0090630725
1041,-0.011652522
1042,-0.0090630725
1043,-0.0077683483
1044,-0.011652522
1045,-0.010357797
1046,-0.011652522
1047,-0.0051788986
1048,-0.006473623
1049,-0.010357797
1050,-0.0090630725
1051,-0.010357797
1052,-0.0038841742
1053,-0.0090630725
1054,-0.010357797
1055,-0.0077683483
1056,-0.0077683483
1057,-0.0090630725
1058,-0.010357797
1059,-0.010357797
1060,-0.0090630725
1061,-0.0077683483
1062,-0.0090630725
1063,-0.010357797
1064,-0.010357797
1065,-0.0077683483
1066,-0.0077683483
1067,-0.010357797
1068,-0.010357797
1069,-0.0090630725
1070,-0.0077683483
1071,-0.0077683483
1072,-0.010357797
1073,-0.010357797
1074,-0.0090630725
1075,-0.0077683483
1076,-0.0090630725
1077,-0.0090630725
1078,-0.010357797
1079,-0.0090630725
1080,-0.0090630725
1081,-0.006473623
1082,-0.010357797
1083,-0.011652522
1084,-0.0090630725
1085,-0.0090630725
1086,-0.010357797
1087,-0.0090630725
1088,-0.011652522
1089,-0.014241972
1090,-0.02718922
1091,-0.0077683483
1092,-0.014241972
1093,-0.0090630725
1094,-0.0077683483
1095,-0.010357797
1096,-0.011652522
1097,-0.011652522
1098,-0.0090630725
1099,-0.0077683483
1100,-0.012947246
1101,-0.011652522
1102,-0.010357797
1103,-0.0077683483
1104,-0.0090630725
1105,-0.011652522
1106,-0.010357797
1107,-0.011652522
1108,-0.0090630725
1109,-0.0090630725
1110,-0.010357797
1111,-0.010357797
1112,-0.011652522
1113,-0.0090630725
1114,-0.0077683483
1115,-0.010357797
1116,-0.012947246
1117,-0.010357797
1118,-0.015536697
1119,-0.012947246
1120,-0.010357797
1121,-0.014241972
1122,-0.0051788986
1123,-0.01683142
1124,-0.012947246
1125,-0.014241972
1126,-0.012947246
1127,-0.0090630725
1128,-0.015536697
1129,-0.012947246
1130,-0.011652522
1131,-0.012947246
1132,-0.0090630725
1133,-0.014241972
1134,-0.014241972
1135,-0.010357797
1136,-0.01683142
1137,-0.0051788986
1138,-0.018126145
1139,-0.012947246
1140,-0.010357797
1141,-0.018126145
1142,-0.0025894493
1143,-0.020715594
1144,-0.0090630725
1145,-0.011652522
1146,-0.01683142
1147,-0.0012947246
1148,-0.024599768
1149,-0.006473623
1150,-0.011652522
1151,-0.014241972
1152,-0.01683142
1153,-0.012947246
1154,-0.012947246
1155,-0.011652522
1156,-0.014241972
1157,-0.015536697
1158,-0.014241972
1159,-0.012947246
1160,-0.011652522
1161,-0.015536697
1162,-0.014241972
1163,-0.014241972
1164,-0.012947246
1165,-0.012947246
1166,-0.014241972
1167,-0.015536697
1168,-0.014241972
1169,-0.012947246
1170,-0.011652522
1171,-0.015536697
1172,-0.015536697
1173,-0.014241972
1174,-0.012947246
1175,-0.011652522
1176,-0.01683142
1177,-0.012947246
1178,-0.014241972
1179,-0.011652522
1180,-0.011652522
1181,-0.015536697
1182,-0.0077683483
1183,-0.015536697
1184,-0.0077683483
1185,-0.025894493
1186,-0.024599768
1187,-0.0090630725
1188,-0.015536697
1189,-0.006473623
1190,-0.022010319
1191,-0.006473623
1192,-0.01683142
1193,-0.0090630725
1194,-0.010357797
1195,-0.020715594
1196,-0.0051788986
1197,-0.018126145
1198,-0.0077683483
1199,-0.011652522
1200,-0.022010319
1201,-0.0025894493
1202,-0.020715594
1203,-0.0077683483
1204,-0.014241972
1205,-0.022010319
1206,-0.0038841742
1207,-0.020715594
1208,-0.0038841742
1209,-0.015536697
1210,-0.020715594
1211,-0.0038841742
1212,-0.018126145
1213,-0.0051788986
1214,-0.014241972
1215,-0.012947246
1216,-0.011652522
1217,-0.012947246
1218,-0.014241972
1219,-0.014241972
1220,-0.012947246
1221,-0.011652522
1222,-0.014241972
1223,-0.015536697
1224,-0.015536697
1225,-0.011652522
1226,-0.011652522
1227,-0.015536697
1228,-0.014241972
1229,-0.014241972
1230,-0.011652522
1231,-0.014241972
1232,-0.015536697
1233,-0.015536697
1234,-0.015536697
1235,-0.011652522
1236,-0.014241972
1237,-0.014241972
1238,-0.014241972
1239,-0.014241972
1240,-0.012947246
1241,-0.011652522
1242,-0.014241972
1243,-0.01683142
1244,-0.014241972
1245,-0.011652522
1246,-0.018126145
1247,-0.01683142
1248,-0.015536697
1249,-0.011652522
1250,-0.01942087
1251,-0.014241972
1252,-0.018126145
1253,-0.014241972
1254,-0.012947246
1255,-0.020715594
1256,-0.012947246
1257,-0.020715594
1258,-0.011652522
1259,-0.01683142
1260,-0.01683142
1261,-0.012947246
1262,-0.020715594
1263,-0.0090630725
1264,-0.01942087
1265,-0.014241972
1266,-0.015536697
1267,-0.01942087
1268,-0.010357797
1269,-0.020715594
1270,-0.012947246
1271,-0.020715594
1272,-0.014241972
1273,-0.014241972
1274,-0.014241972
1275,-0.01683142
1276,-0.018126145
1277,-0.014241972
1278,-0.01683142
1279,-0.01683142
1280,-0.01683142
1281,-0.024599768
1282,-0.023305044
1283,-0.015536697
1284,-0.01942087
1285,-0.014241972
1286,-0.01683142
1287,-0.012947246
1288,-0.01942087
1289,-0.015536697
1290,-0.01683142
1291,-0.015536697
1292,-0.012947246
1293,-0.01942087
1294,-0.014241972
1295,-0.018126145
1296,-0.015536697
1297,-0.012947246
1298,-0.01683142
1299,-0.015536697
1300,-0.018126145
1301,-0.014241972
1302,-0.012947246
1303,-0.01942087
1304,-0.01683142
1305,-0.01683142
1306,-0.014241972
1307,-0.014241972
1308,-0.018126145
1309,-0.015536697
1310,-0.015536697
1311,-0.01683142
1312,-0.018126145
1313,-0.01683142
1314,-0.015536697
1315,-0.015536697
1316,-0.01683142
1317,-0.01683142
1318,-0.015536697
1319,-0.01683142
1320,-0.012947246
1321,-0.01683142
1322,-0.01683142
1323,-0.01683142
1324,-0.015536697
1325,-0.014241972
1326,-0.018126145
1327,-0.018126145
1328,-0.01683142
1329,-0.015536697
1330,-0.014241972
1331,-0.018126145
1332,-0.01683142
1333,-0.015536697
1334,-0.015536697
1335,-0.014241972
1336,-0.018126145
1337,-0.01683142
1338,-0.01683142
1339,-0.015536697
1340,-0.014241972
1341,-0.018126145
1342,-0.015536697
1343,-0.018126145
1344,-0.01683142
1345,-0.018126145
1346,-0.020715594
1347,-0.014241972
1348,-0.01683142
1349,-0.01683142
1350,-0.018126145
1351,-0.020715594
1352,-0.014241972
1353,-0.01683142
1354,-0.01942087
1355,-0.01683142
1356,-0.020715594
1357,-0.014241972
1358,-0.015536697
1359,-0.01942087
1360,-0.01683142
1361,-0.018126145
1362,-0.015536697
1363,-0.014241972
1364,-0.020715594
1365,-0.01683142
1366,-0.018126145
1367,-0.018126145
1368,-0.015536697
1369,-0.020715594
1370,-0.01683142
1371,-0.01683142
1372,-0.01683142
1373,-0.014241972
1374,-0.01942087
1375,-0.01942087
1376,-0.014241972
1377,-0.034957565
1378,-0.034957565
1379,-0.01683142
1380,-0.01942087
1381,-0.015536697
1382,-0.022010319
1383,-0.018126145
1384,-0.020715594
1385,-0.01683142
1386,-0.01942087
1387,-0.01942087
1388,-0.020715594
1389,-0.018126145
1390,-0.018126145
1391,-0.018126145
1392,-0.01942087
1393,-0.01942087
1394,-0.01942087
1395,-0.01683142
1396,-0.01683142
1397,-0.018126145
1398,-0.020715594
1399,-0.01942087
1400,-0.018126145
1401,-0.01683142
1402,-0.020715594
1403,-0.020715594
1404,-0.018126145
1405,-0.01683142
1406,-0.01942087
1407,-0.01942087
1408,-0.01942087
1409,-0.014241972
1410,-0.01942087
1411,-0.022010319
1412,-0.018126145
1413,-0.01942087
1414,-0.015536697
1415,-0.020715594
1416,-0.01942087
1417,-0.01683142
1418,-0.01942087
1419,-0.015536697
1420,-0.020715594
1421,-0.018126145
1422,-0.022010319
1423,-0.01942087
1424,-0.015536697
1425,-0.018126145
1426,-0.01942087
1427,-0.01942087
1428,-0.018126145
1429,-0.015536697
1430,-0.01942087
1431,-0.020715594
1432,-0.018126145
1433,-0.01683142
1434,-0.018126145
1435,-0.020715594
1436,-0.01942087
1437,-0.018126145
1438,-0.01942087
1439,-0.022010319
1440,-0.01942087
1441,-0.01683142
1442,-0.018126145
1443,-0.01683142
1444,-0.022010319
1445,-0.01683142
1446,-0.01942087
1447,-0.018126145
1448,-0.018126145
1449,-0.022010319
1450,-0.01942087
1451,-0.01942087
1452,-0.01683142
1453,-0.01683142
1454,-0.022010319
1455,-0.018126145
1456,-0.018126145
1457,-0.01683142
1458,-0.01942087
1459,-0.022010319
1460,-0.018126145
1461,-0.01942087
1462,-0.018126145
1463,-0.020715594
1464,-0.020715594
1465,-0.01683142
1466,-0.018126145
1467,-0.015536697
1468,-0.020715594
1469,-0.018126145
1470,-0.018126145
1471,-0.020715594
1472,-0.020715594
1473,-0.03625229
1474,-0.032368116
1475,-0.015536697
1476,-0.023305044
1477,-0.01942087
1478,-0.022010319
1479,-0.018126145
1480,-0.01942087
1481,-0.01942087
1482,-0.023305044
1483,-0.01942087
1484,-0.020715594
1485,-0.018126145
1486,-0.022010319
1487,-0.022010319
1488,-0.01942087
1489,-0.01942087
1490,-0.018126145
1491,-0.020715594
1492,-0.022010319
1493,-0.01942087
1494,-0.020715594
1495,-0.01942087
1496,-0.022010319
1497,-0.022010319
1498,-0.020715594
1499,-0.01942087
1500,-0.018126145
1501,-0.022010319
1502,-0.01942087
1503,-0.01942087
1504,-0.022010319
1505,-0.022010319
1506,-0.023305044
1507,-0.01942087
1508,-0.01942087
1509,-0.020715594
1510,-0.022010319
1511,-0.022010319
1512,-0.018126145
1513,-0.01942087
1514,-0.020715594
1515,-0.023305044
1516,-0.022010319
1517,-0.01942087
1518,-0.020715594
1519,-0.020715594
1520,-0.024599768
1521,-0.022010319
1522,-0.01942087
1523,-0.020715594
1524,-0.020715594
1525,-0.023305044
1526,-0.022010319
1527,-0.01942087
1528,-0.020715594
1529,-0.020715594
1530,-0.024599768
1531,-0.01942087
1532,-0.01942087
1533,-0.020715594
1534,-0.022010319
1535,-0.018126145
1536,-0.01942087
1537,-0.020715594
1538,-0.022010319
1539,-0.022010319
1540,-0.01942087
1541,-0.01942087
1542,-0.022010319
1543,-0.020715594
1544,-0.022010319
1545,-0.01942087
1546,-0.01942087
1547,-0.020715594
1548,-0.022010319
1549,-0.020715594
1550,-0.01942087
1551,-0.01942087
1552,-0.020715594
1553,-0.023305044
1554,-0.020715594
1555,-0.01942087
1556,-0.01942087
1557,-0.022010319
1558,-0.022010319
1559,-0.01942087
1560,-0.01942087
1561,-0.01942087
1562,-0.020715594
1563,-0.022010319
1564,-0.020715594
1565,-0.01942087
1566,-0.022010319
1567,-0.023305044
1568,-0.018126145
1569,-0.040136464
1570,-0.034957565
1571,-0.020715594
1572,-0.024599768
1573,-0.01683142
1574,-0.023305044
1575,-0.020715594
1576,-0.022010319
1577,-0.022010319
1578,-0.01942087
1579,-0.020715594
1580,-0.022010319
1581,-0.023305044
1582,-0.023305044
1583,-0.01942087
1584,-0.022010319
1585,-0.020715594
1586,-0.024599768
1587,-0.022010319
1588,-0.018126145
1589,-0.020715594
1590,-0.020715594
1591,-0.024599768
1592,-0.020715594
1593,-0.020715594
1594,-0.022010319
1595,-0.022010319
1596,-0.023305044
1597,-0.01942087
1598,-0.01942087
1599,-0.028483944
1600,-0.020715594
1601,-0.023305044
1602,-0.023305044
1603,-0.01942087
1604,-0.029778669
1605,-0.01942087
1606,-0.024599768
1607,-0.020715594
1608,-0.020715594
1609,-0.028483944
1610,-0.018126145
1611,-0.025894493
1612,-0.01942087
1613,-0.023305044
1614,-0.028483944
1615,-0.018126145
1616,-0.025894493
1617,-0.01942087
1618,-0.023305044
1619,-0.02718922
1620,-0.01942087
1621,-0.024599768
1622,-0.020715594
1623,-0.022010319
1624,-0.025894493
1625,-0.020715594
1626,-0.023305044
1627,-0.022010319
1628,-0.022010319
1629,-0.02718922
1630,-0.022010319
1631,-0.022010319
1632,-0.024599768
1633,-0.023305044
1634,-0.023305044
1635,-0.022010319
1636,-0.023305044
1637,-0.025894493
1638,-0.024599768
1639,-0.024599768
1640,-0.020715594
1641,-0.023305044
1642,-0.025894493
1643,-0.022010319
1644,-0.022010319
1645,-0.022010319
1646,-0.024599768
1647,-0.025894493
1648,-0.022010319
1649,-0.024599768
1650,-0.020715594
1651,-0.025894493
1652,-0.023305044
1653,-0.024599768
1654,-0.023305044
1655,-0.020715594
1656,-0.024599768
1657,-0.023305044
1658,-0.023305044
1659,-0.022010319
1660,-0.022010319
1661,-0.025894493
1662,-0.020715594
1663,-0.024599768
1664,-0.01942087
1665,-0.044020638
1666,-0.032368116
1667,-0.01683142
1668,-0.025894493
1669,-0.020715594
1670,-0.025894493
1671,-0.023305044
1672,-0.020715594
1673,-0.023305044
1674,-0.023305044
1675,-0.023305044
1676,-0.025894493
1677,-0.020715594
1678,-0.022010319
1679,-0.025894493
1680,-0.022010319
1681,-0.025894493
1682,-0.022010319
1683,-0.018126145
1684,-0.028483944
1685,-0.01942087
1686,-0.02718922
1687,-0.022010319
1688,-0.01683142
1689,-0.032368116
1690,-0.01942087
1691,-0.024599768
1692,-0.02718922
1693,-0.015536697
1694,-0.024599768
1695,-0.023305044
1696,-0.020715594
1697,-0.025894493
1698,-0.024599768
1699,-0.024599768
1700,-0.022010319
1701,-0.023305044
1702,-0.025894493
1703,-0.024599768
1704,-0.024599768
1705,-0.023305044
1706,-0.022010319
1707,-0.023305044
1708,-0.024599768
1709,-0.025894493
1710,-0.023305044
1711,-0.022010319
1712,-0.025894493
1713,-0.025894493
1714,-0.024599768
1715,-0.020715594
1716,-0.022010319
1717,-0.025894493
1718,-0.024599768
1719,-0.023305044
1720,-0.022010319
1721,-0.024599768
1722,-0.024599768
1723,-0.024599768
1724,-0.024599768
1725,-0.024599768
1726,-0.025894493
1727,-0.020715594
1728,-0.032368116
1729,-0.01683142
1730,-0.032368116
1731,-0.025894493
1732,-0.022010319
1733,-0.032368116
1734,-0.01683142
1735,-0.029778669
1736,-0.024599768
1737,-0.025894493
1738,-0.025894493
1739,-0.01942087
1740,-0.029778669
1741,-0.023305044
1742,-0.029778669
1743,-0.023305044
1744,-0.022010319
1745,-0.031073393
1746,-0.022010319
1747,-0.028483944
1748,-0.023305044
1749,-0.024599768
1750,-0.02718922
1751,-0.023305044
1752,-0.028483944
1753,-0.022010319
1754,-0.025894493
1755,-0.025894493
1756,-0.025894493
1757,-0.02718922
1758,-0.024599768
1759,-0.025894493
1760,-0.025894493
1761,-0.045315363
1762,-0.029778669
1763,-0.022010319
1764,-0.02718922
1765,-0.024599768
1766,-0.025894493
1767,-0.022010319
1768,-0.025894493
1769,-0.02718922
1770,-0.025894493
1771,-0.023305044
1772,-0.023305044
1773,-0.025894493
1774,-0.02718922
1775,-0.024599768
1776,-0.022010319
1777,-0.024599768
1778,-0.025894493
1779,-0.023305044
1780,-0.02718922
1781,-0.023305044
1782,-0.024599768
1783,-0.02718922
1784,-0.024599768
1785,-0.02718922
1786,-0.022010319
1787,-0.024599768
1788,-0.025894493
1789,-0.024599768
1790,-0.025894493
1791,-0.023305044
1792,-0.029778669
1793,-0.023305044
1794,-0.025894493
1795,-0.020715594
1796,-0.02718922
1797,-0.025894493
1798,-0.025894493
1799,-0.023305044
1800,-0.024599768
1801,-0.024599768
1802,-0.02718922
1803,-0.023305044
1804,-0.025894493
1805,-0.022010319
1806,-0.025894493
1807,-0.025894493
1808,-0.025894493
1809,-0.024599768
1810,-0.022010319
1811,-0.025894493
1812,-0.025894493
1813,-0.025894493
1814,-0.023305044
1815,-0.023305044
1816,-0.025894493
1817,-0.025894493
1818,-0.024599768
1819,-0.024599768
1820,-0.023305044
1821,-0.02718922
1822,-0.022010319
1823,-0.02718922
1824,-0.023305044
1825,-0.029778669
1826,-0.025894493
1827,-0.023305044
1828,-0.02718922
1829,-0.023305044
1830,-0.028483944
1831,-0.025894493
1832,-0.024599768
1833,-0.025894493
1834,-0.024599768
1835,-0.02718922
1836,-0.02718922
1837,-0.022010319
1838,-0.02718922
1839,-0.024599768
1840,-0.02718922
1841,-0.028483944
1842,-0.022010319
1843,-0.028483944
1844,-0.023305044
1845,-0.028483944
1846,-0.028483944
1847,-0.023305044
1848,-0.02718922
1849,-0.025894493
1850,-0.02718922
1851,-0.02718922
1852,-0.022010319
1853,-0.02718922
1854,-0.029778669
1855,-0.02718922
1856,-0.02718922
1857,-0.05049426
1858,-0.032368116
1859,-0.025894493
1860,-0.02718922
1861,-0.024599768
1862,-0.028483944
1863,-0.02718922
1864,-0.029778669
1865,-0.02718922
1866,-0.02718922
1867,-0.02718922
1868,-0.029778669
1869,-0.028483944
1870,-0.024599768
1871,-0.025894493
1872,-0.02718922
1873,-0.028483944
1874,-0.02718922
1875,-0.025894493
1876,-0.025894493
1877,-0.028483944
1878,-0.028483944
1879,-0.028483944
1880,-0.02718922
1881,-0.025894493
1882,-0.02718922
1883,-0.02718922
1884,-0.02718922
1885,-0.025894493
1886,-0.029778669
1887,-0.024599768
1888,-0.02718922
1889,-0.025894493
1890,-0.024599768
1891,-0.031073393
1892,-0.02718922
1893,-0.02718922
1894,-0.024599768
1895,-0.024599768
1896,-0.031073393
1897,-0.025894493
1898,-0.025894493
1899,-0.023305044
1900,-0.025894493
1901,-0.031073393
1902,-0.025894493
1903,-0.02718922
1904,-0.023305044
1905,-0.028483944
1906,-0.028483944
1907,-0.025894493
1908,-0.025894493
1909,-0.024599768
1910,-0.028483944
1911,-0.025894493
1912,-0.028483944
1913,-0.025894493
1914,-0.024599768
1915,-0.028483944
1916,-0.028483944
1917,-0.028483944
1918,-0.025894493
1919,-0.028483944
1920,-0.02718922
1921,-0.025894493
1922,-0.024599768
1923,-0.024599768
1924,-0.029778669
1925,-0.025894493
1926,-0.025894493
1927,-0.024599768
1928,-0.028483944
1929,-0.028483944
1930,-0.02718922
1931,-0.024599768
1932,-0.025894493
1933,-0.02718922
1934,-0.028483944
1935,-0.025894493
1936,-0.025894493
1937,-0.025894493
1938,-0.025894493
1939,-0.028483944
1940,-0.02718922
1941,-0.02718922
1942,-0.025894493
1943,-0.02718922
1944,-0.028483944
1945,-0.02718922
1946,-0.024599768
1947,-0.024599768
1948,-0.028483944
1949,-0.02718922
1950,-0.02718922
1951,-0.02718922
1952,-0.03366284
1953,-0.04790481
1954,-0.028483944
1955,-0.025894493
1956,-0.028483944
1957,-0.029778669
1958,-0.028483944
1959,-0.028483944
1960,-0.02718922
1961,-0.028483944
1962,-0.029778669
1963,-0.028483944
1964,-0.028483944
1965,-0.025894493
1966,-0.028483944
1967,-0.029778669
1968,-0.029778669
1969,-0.02718922
1970,-0.025894493
1971,-0.028483944
1972,-0.031073393
1973,-0.028483944
1974,-0.028483944
1975,-0.025894493
1976,-0.031073393
1977,-0.02718922
1978,-0.028483944
1979,-0.02718922
1980,-0.024599768
1981,-0.029778669
1982,-0.02718922
1983,-0.024599768
1984,-0.031073393
1985,-0.028483944
1986,-0.029778669
1987,-0.028483944
1988,-0.024599768
1989,-0.031073393
1990,-0.028483944
1991,-0.028483944
1992,-0.028483944
1993,-0.024599768
1994,-0.031073393
1995,-0.028483944
1996,-0.029778669
1997,-0.028483944
1998,-0.02718922
1999,-0.028483944
2000,-0.029778669
2001,-0.029778669
2002,-0.02718922
2003,-0.025894493
2004,-0.028483944
2005,-0.031073393
2006,-0.02718922
2007,-0.02718922
2008,-0.02718922
2009,-0.029778669
2010,-0.031073393
2011,-0.028483944
2012,-0.02718922
2013,-0.02718922
2014,-0.029778669
2015,-0.028483944
2016,-0.028483944
2017,-0.028483944
2018,-0.028483944
2019,-0.029778669
2020,-0.025894493
2021,-0.02718922
2022,-0.029778669
2023,-0.029778669
2024,-0.029778669
2025,-0.02718922
2026,-0.02718922
2027,-0.028483944
2028,-0.031073393
2029,-0.028483944
2030,-0.02718922
2031,-0.028483944
2032,-0.029778669
2033,-0.029778669
2034,-0.028483944
2035,-0.02718922
2036,-0.02718922
2037,-0.028483944
2038,-0.031073393
2039,-0.031073393
2040,-0.02718922
2041,-0.028483944
2042,-0.029778669
2043,-0.031073393
2044,-0.028483944
2045,-0.02718922
2046,-0.031073393
2047,-0.028483944
2048,-0.032368116
2049,-0.046610087
2050,-0.028483944
2051,-0.031073393
2052,-0.028483944
2053,-0.02718922
2054,-0.024599768
2055,-0.029778669
2056,-0.029778669
2057,-0.029778669
2058,-0.025894493
2059,-0.02718922
2060,-0.031073393
2061,-0.028483944
2062,-0.028483944
2063,-0.02718922
2064,-0.02718922
2065,-0.029778669
2066,-0.02718922
2067,-0.029778669
2068,-0.02718922
2069,-0.02718922
2070,-0.029778669
2071,-0.028483944
2072,-0.031073393
2073,-0.025894493
2074,-0.02718922
2075,-0.029778669
2076,-0.029778669
2077,-0.029778669
2078,-0.032368116
2079,-0.02718922
2080,-0.034957565
2081,-0.025894493
2082,-0.029778669
2083,-0.028483944
2084,-0.031073393
2085,-0.029778669
2086,-0.02718922
2087,-0.029778669
2088,-0.02718922
2089,-0.032368116
2090,-0.025894493
2091,-0.031073393
2092,-0.02718922
2093,-0.029778669
2094,-0.032368116
2095,-0.028483944
2096,-0.031073393
2097,-0.024599768
2098,-0.031073393
2099,-0.028483944
2100,-0.028483944
2101,-0.029778669
2102,-0.025894493
2103,-0.03366284
2104,-0.031073393
2105,-0.031073393
2106,-0.028483944
2107,-0.028483944
2108,-0.029778669
2109,-0.031073393
2110,39.883995
2111,39.876225
2112,39.86716
2113,39.8581
2114,39.85033
2115,39.84127
2116,39.832207
2117,39.824436
2118,39.815376
2119,39.807606
2120,39.798542
2121,39.78948
2122,39.780415
2123,39.772648
2124,39.763584
2125,39.755817
2126,39.74546
2127,39.73769
2128,39.728626
2129,39.72086
2130,39.711796
2131,39.704025
2132,39.69367
2133,39.68461
2134,39.676838
2135,39.66907
2136,39.660007
2137,39.650944
2138,39.643173
2139,39.63411
2140,39.626343
2141,39.61728
2142,-6.748105
2143,-6.7468104
2144,-6.748105
2145,-6.77141
2146,-6.739042
2147,-6.7403364
2148,-6.733863
2149,-6.733863
2150,-6.733863
2151,-6.729979
2152,-6.7260947
2153,-6.7235055
2154,-6.7235055
2155,-6.720916
2156,-6.7196207
2157,-6.7144423
2158,-6.7131476
2159,-6.7144423
2160,-6.7079687
2161,-6.710558
2162,-6.704085
2163,-6.7002
2164,-6.7053795
2165,-6.695021
2166,-6.701495
2167,-6.692432
2168,-6.6898427
2169,-6.695021
2170,-6.684664
2171,-6.692432
2172,-6.6820745
2173,-6.6781898
2174,-5.8521557
2175,-5.8521557
2176,-5.8456817
2177,-5.849566
2178,-5.8469768
2179,-5.8482714
2180,-5.8430924
2181,-5.8392086
2182,-5.840503
2183,-5.8392086
2184,-5.8379135
2185,-5.8340297
2186,-5.832735
2187,-5.8340297
2188,-5.8340297
2189,-5.8314404
2190,-5.8275557
2191,-5.826261
2192,-5.8249664
2193,-5.8236713
2194,-5.8223767
2195,-5.818493
2196,-5.8171983
2197,-5.8171983
2198,-5.8171983
2199,-5.8171983
2200,-5.8120193
2201,-5.8107247
2202,-5.8107247
2203,-5.8120193
2204,-5.80684
2205,-5.8042507
2206,-5.1413517
2207,-5.155594
2208,-5.1387625
2209,-5.1439414
2210,-5.1465306
2211,-5.134878
2212,-5.150415
2213,-5.129699
2214,-5.1413517
2215,-5.136173
2216,-5.132289
2217,-5.1413517
2218,-5.1232257
2219,-5.136173
2220,-5.12711
2221,-5.1284046
2222,-5.132289
2223,-5.120636
2224,-5.129699
2225,-5.1193414
2226,-5.12711
2227,-5.120636
2228,-5.1180468
2229,-5.1193414
2230,-5.115457
2231,-5.1193414
2232,-5.112868
2233,-5.112868
2234,-5.110278
2235,-5.112868
2236,-5.110278
2237,-5.107689
2238,37.069263
2239,37.061493
2240,37.053726
2241,37.047253
2242,37.039482
2243,37.030422
2244,37.02265
2245,37.014885
2246,37.00712
2247,36.999348
2248,36.991577
2249,36.98381
2250,36.976044
2251,36.968273
2252,36.960506
2253,36.952736
2254,36.946262
2255,36.938496
2256,36.929432
2257,36.921665
2258,36.91519
2259,36.90742
2260,36.899654
2261,36.891884
2262,36.88282
2263,36.87635
2264,36.86858
2265,36.860813
2266,36.853043
2267,36.845276
2268,36.83751
2269,36.83103
2270,-8.787296
2271,-8.783412
2272,-8.786001
2273,-8.779529
2274,-8.779529
2275,-8.774349
2276,-8.771759
2277,-8.773055
2278,-8.767876
2279,-8.766581
2280,-8.761402
2281,-8.762696
2282,-8.761402
2283,-8.757518
2284,-8.752339
2285,-8.751044
2286,-8.751044
2287,-8.748454
2288,-8.743276
2289,-8.743276
2290,-8.738097
2291,-8.739391
2292,-8.736802
2293,-8.734213
2294,-8.730329
2295,-8.727739
2296,-8.727739
2297,-8.725149
2298,-8.72256
2299,-8.718677
2300,-8.714792
2301,-8.716086
2302,-7.7243276
2303,-7.723033
2304,-7.7217383
2305,-7.7217383
2306,-7.7191486
2307,-7.7165594
2308,-7.713969
2309,-7.7126746
2310,-7.7152643
2311,-7.708791
2312,-7.7062016
2313,-7.7049065
2314,-7.7010226
2315,-7.7049065
2316,-7.6984334
2317,-7.6984334
2318,-7.6945486
2319,-7.6945486
2320,-7.6958437
2321,-7.6906643
2322,-7.688075
2323,-7.6867805
2324,-7.685486
2325,-7.685486
2326,-7.6816015
2327,-7.6777177
2328,-7.6777177
2329,-7.6751285
2330,-7.6751285
2331,-7.673833
2332,-7.6686544
2333,-7.6686544
2334,-6.8465047
2335,-6.8387356
2336,-6.845209
2337,-6.8581567
2338,-6.8348517
2339,-6.8387356
2340,-6.829673
2341,-6.8309674
2342,-6.828378
2343,-6.8309674
2344,-6.825789
2345,-6.825789
2346,-6.8206096
2347,-6.823199
2348,-6.819315
2349,-6.819315
2350,-6.8154306
2351,-6.8128414
2352,-6.814136
2353,-6.811547
2354,-6.814136
2355,-6.806368
2356,-6.8076625
2357,-6.806368
2358,-6.808957
2359,-6.802483
2360,-6.7985992
2361,-6.7973046
2362,-6.799894
2363,-6.7973046
2364,-6.7934203
2365,-6.7921257
2366,35.071503
2367,35.068913
2368,35.06244
2369,35.052082
2370,35.041725
2371,35.036545
2372,35.022305
2373,35.01842
2374,35.011948
2375,35.00288
2376,34.995113
2377,34.984756
2378,34.973103
2379,34.96404
2380,34.95498
2381,34.94462
2382,34.93556
2383,34.930378
2384,34.922607
2385,34.908367
2386,34.903187
2387,34.901894
2388,34.894123
2389,34.885063
2390,34.877293
2391,34.874706
2392,34.863052
2393,34.850105
2394,34.844925
2395,34.837154
2396,34.828094
2397,34.815147
2398,31.175674
2399,31.174381
2400,31.16273
2401,31.158844
2402,31.148487
2403,31.140718
2404,31.13813
2405,31.130362
2406,31.123888
2407,31.112232
2408,31.108349
2409,31.10058
2410,31.08634
2411,31.079866
2412,31.070803
2413,31.06692
2414,31.05915
2415,31.050089
2416,31.044909
2417,31.041025
2418,31.029371
2419,31.024193
2420,31.020308
2421,31.013834
2422,31.003477
2423,30.999594
2424,30.994413
2425,30.984056
2426,30.978878
2427,30.968521
2428,30.962048
2429,30.952984
2430,27.765371
2431,27.757603
2432,27.749834
2433,27.747246
2434,27.740772
2435,27.733004
2436,27.72653
2437,27.722647
2438,27.714876
2439,27.709696
2440,27.703224
2441,27.692865
2442,27.685099
2443,27.682508
2444,27.67474
2445,27.666971
2446,27.664383
2447,27.6605
2448,27.654026
2449,27.648846
2450,27.644962
2451,27.6359
2452,27.630718
2453,27.62554
2454,27.617771
2455,27.611298
2456,27.59835
2457,27.591877
2458,27.586699
2459,27.58411
2460,27.572458
2461,27.565985
2462,24.05469
2463,24.037859
2464,24.023617
2465,24.004196
2466,23.98866
2467,23.971827
2468,23.957584
2469,23.939459
2470,23.922628
2471,23.907093
2472,23.88767
2473,23.86825
2474,23.852713
2475,23.835882
2476,23.81905
2477,23.800924
2478,23.781504
2479,23.767262
2480,23.74784
2481,23.731009
2482,23.712883
2483,23.693462
2484,23.67922
2485,23.658506
2486,23.642967
2487,23.615778
2488,23.59377
2489,23.565283
2490,23.526442
2491,23.49537
2492,23.452642
2493,23.42416
2494,22.13073
2495,22.126844
2496,22.12037
2497,22.115192
2498,22.113897
2499,22.11131
2500,22.104836
2501,22.10095
2502,22.095772
2503,22.090593
2504,22.085415
2505,22.081528
2506,22.07635
2507,22.069876
2508,22.064697
2509,22.059519
2510,22.053045
2511,22.050455
2512,22.041393
2513,22.038803
2514,22.03492
2515,22.027151
2516,22.027151
2517,22.01809
2518,22.011616
2519,22.01032
2520,22.01032
2521,21.998667
2522,21.997372
2523,21.992193
2524,21.984425
2525,21.98313
2526,19.776918
2527,19.77433
2528,19.77174
2529,19.767857
2530,19.761383
2531,19.7575
2532,19.75232
2533,19.748436
2534,19.743258
2535,19.739372
2536,19.731604
2537,19.732899
2538,19.729015
2539,19.729015
2540,19.72513
2541,19.716068
2542,19.704416
2543,19.700531
2544,19.704416
2545,19.69794
2546,19.691467
2547,19.687584
2548,19.682405
2549,19.68111
2550,19.677225
2551,19.674637
2552,19.668163
2553,19.665573
2554,19.6591
2555,19.655214
2556,19.653921
2557,19.64874
2558,17.678171
2559,17.674288
2560,17.667812
2561,17.666517
2562,17.669107
2563,17.662634
2564,17.65616
2565,17.650982
2566,17.65357
2567,17.647099
2568,17.640625
2569,17.63674
2570,17.634151
2571,17.627676
2572,17.625086
2573,17.623793
2574,17.614729
2575,17.61214
2576,17.613434
2577,17.605667
2578,17.596603
2579,17.596603
2580,17.595308
2581,17.59272
2582,17.59013
2583,17.581066
2584,17.581066
2585,17.579771
2586,17.573298
2587,17.566824
2588,17.56294
2589,17.56294
2590,15.811178
2591,15.804704
2592,15.795641
2593,15.7904625
2594,15.7904625
2595,15.787872
2596,15.786578
2597,15.782694
2598,15.7814
2599,15.777515
2600,15.774926
2601,15.765863
2602,15.764568
2603,15.768453
2604,15.763272
2605,15.755505
2606,15.752915
2607,15.749031
2608,15.745147
2609,15.739968
2610,15.739968
2611,15.736084
2612,15.736084
2613,15.7322
2614,15.728316
2615,15.727021
2616,15.720547
2617,15.7179575
2618,15.712778
2619,15.710189
2620,15.703715
2621,15.699832
2622,14.115089
2623,14.111205
2624,14.104731
2625,14.099551
2626,14.095668
2627,14.091784
2628,14.089194
2629,14.090488
2630,14.086605
2631,14.081426
2632,14.078836
2633,14.071069
2634,14.073658
2635,14.068479
2636,14.065889
2637,14.071069
2638,14.065889
2639,14.06071
2640,14.055531
2641,14.052941
2642,14.051647
2643,14.049057
2644,14.045174
2645,14.042584
2646,14.039994
2647,14.034816
2648,14.032227
2649,14.032227
2650,14.025753
2651,14.021868
2652,14.019279
2653,14.017983
2654,12.592492
2655,12.588609
2656,12.584724
2657,12.58084
2658,12.583429
2659,12.582135
2660,12.578251
2661,12.570481
2662,12.569187
2663,12.566597
2664,12.561419
2665,12.55624
2666,12.554945
2667,12.554945
2668,12.552356
2669,12.547177
2670,12.549767
2671,12.544588
2672,12.536819
2673,12.532936
2674,12.53423
2675,12.538115
2676,12.530345
2677,12.53164
2678,12.526461
2679,12.522577
2680,12.517398
2681,12.514809
2682,12.510924
2683,12.510924
2684,12.510924
2685,12.505746
2686,11.207137
2687,11.203252
2688,11.201958
2689,11.1993685
2690,11.195484
2691,11.194189
2692,11.194189
2693,11.1916
2694,11.186421
2695,11.186421
2696,11.185126
2697,11.178653
2698,11.178653
2699,11.178653
2700,11.173474
2701,11.168296
2702,11.170885
2703,11.161821
2704,11.159231
2705,11.154053
2706,11.155348
2707,11.152759
2708,11.150168
2709,11.1514635
2710,11.148874
2711,11.143696
2712,11.142401
2713,11.138516
2714,11.138516
2715,11.137222
2716,11.135927
2717,11.132043
2718,9.946075
2719,9.948665
2720,9.948665
2721,9.94737
2722,9.940896
2723,9.939602
2724,9.940896
2725,9.933128
2726,9.931833
2727,9.935718
2728,9.931833
2729,9.929243
2730,9.924065
2731,9.921475
2732,9.921475
2733,9.912413
2734,9.911118
2735,9.911118
2736,9.909822
2737,9.908527
2738,9.904644
2739,9.907233
2740,9.903349
2741,9.902055
2742,9.895581
2743,9.896875
2744,9.89817
2745,9.892992
2746,9.889107
2747,9.887813
2748,9.883928
2749,9.880044
2750,8.814486
2751,8.817076
2752,8.810601
2753,8.809307
2754,8.800243
2755,8.797654
2756,8.792475
2757,8.792475
2758,8.797654
2759,8.793771
2760,8.795065
2761,8.7898855
2762,8.782118
2763,8.786001
2764,8.782118
2765,8.776938
2766,8.773055
2767,8.771759
2768,8.774349
2769,8.771759
2770,8.766581
2771,8.767876
2772,8.765286
2773,8.760107
2774,8.758813
2775,8.758813
2776,8.758813
2777,8.7536335
2778,8.751044
2779,8.751044
2780,8.745865
2781,8.74716
2782,7.7618747
2783,7.76058
2784,7.76058
2785,7.7528114
2786,7.7528114
2787,7.754106
2788,7.7554007
2789,7.754106
2790,7.748927
2791,7.7450433
2792,7.746338
2793,7.7450433
2794,7.7385697
2795,7.7385697
2796,7.7385697
2797,7.737275
2798,7.734685
2799,7.734685
2800,7.7295065
2801,7.7295065
2802,7.7333903
2803,7.726917
2804,7.7191486
2805,7.7217383
2806,7.7217383
2807,7.7191486
2808,7.7152643
2809,7.71138
2810,7.7126746
2811,7.713969
2812,7.7100854
2813,7.7100854
2814,6.803778
2815,6.8050733
2816,6.803778
2817,6.802483
2818,6.802483
2819,6.799894
2820,6.7973046
2821,6.7947154
2822,6.790831
2823,6.7843575
2824,6.785652
2825,6.7830625
2826,6.781768
2827,6.779178
2828,6.7739997
2829,6.772705
2830,6.7752943
2831,6.7752943
2832,6.77141
2833,6.768821
2834,6.7662315
2835,6.764937
2836,6.767526
2837,6.7636423
2838,6.7636423
2839,6.761052
2840,6.761052
2841,6.758463
2842,6.758463
2843,6.757168
2844,6.7506948
2845,6.748105
2846,1.3193245
2847,1.2882512
2848,1.2765986
2849,1.2545882
2850,1.2235149
2851,1.2040939
2852,1.1807889
2853,1.1639575
2854,1.1406525
2855,1.1173475
2856,1.1082844
2857,1.0772109
2858,1.0603795
2859,1.0422534
2860,1.0072958
2861,1.0228325
2862,0.9645699
2863,0.9542121
2864,0.93349653
2865,0.90242314
2866,0.884297
2867,0.8596972
2868,0.8454553
2869,0.8169713
2870,0.794961
2871,0.77036124
2872,0.74964565
2873,0.7405825
2874,0.70044607
2875,0.68231994
2876,0.66160434
2877,0.63312036
2878,-7.036829
2879,-7.05107
2880,-7.0653124
2881,-7.07826
2882,-7.095092
2883,-7.1106277
2884,-7.123575
2885,-7.1378174
2886,-7.1533537
2887,-7.1688905
2888,-7.1844273
2889,-7.1960797
2890,-7.212911
2891,-7.2258587
2892,-7.24269
2893,-7.2582264
2894,-7.271174
2895,-7.2893
2896,-7.3022475
2897,-7.320373
2898,-7.332026
2899,-7.347563
2900,-7.363099
2901,-7.3773413
2902,-7.3941727
2903,-7.4097095
2904,-7.421362
2905,-7.4368987
2906,-7.451141
2907,-7.466677
2908,-7.4809194
2909,-7.4938664
2910,-14.151341
2911,-14.1642885
2912,-14.146161
2913,-14.1875925
2914,-14.201836
2915,-14.213488
2916,-14.229024
2917,-14.238088
2918,-14.253624
2919,-14.265276
2920,-14.279519
2921,-14.292466
2922,-14.304118
2923,-14.317066
2924,-14.328718
2925,-14.3442545
2926,-14.357203
2927,-14.3688545
2928,-14.381802
2929,-14.393454
2930,-14.407697
2931,-14.421938
2932,-14.431001
2933,-14.445244
2934,-14.459485
2935,-14.473727
2936,-14.486675
2937,-14.498327
2938,-14.513864
2939,-14.5255165
2940,-14.542348
2941,-14.555295
2942,-20.345304
2943,-20.356956
2944,-20.368608
2945,-20.378967
2946,-20.391914
2947,-20.402271
2948,-20.415218
2949,-20.425577
2950,-20.434639
2951,-20.446293
2952,-20.457945
2953,-20.469597
2954,-20.479956
2955,-20.490313
2956,-20.501966
2957,-20.512323
2958,-20.526566
2959,-20.538218
2960,-20.545986
2961,-20.558933
2962,-20.56929
2963,-20.583534
2964,-20.593891
2965,-20.60166
2966,-20.613312
2967,-20.624964
2968,-20.63791
2969,-20.646975
2970,-20.657333
2971,-20.67028
2972,-20.681932
2973,-20.69229
2974,-25.928158
2975,-25.938515
2976,-25.950167
2977,-25.960524
2978,-25.968292
2979,-25.979946
2980,-25.990305
2981,-26.001957
2982,-26.013609
2983,-26.02267
2984,-26.034323
2985,-26.044682
2986,-26.056334
2987,-26.0654
2988,-26.075756
2989,-26.087408
2990,-26.097765
2991,-26.109417
2992,-26.11848
2993,-26.128838
2994,-26.139196
2995,-26.149555
2996,-26.159914
2997,-26.17286
2998,-26.183218
2999,-26.193575
3000,-26.205227
3001,-26.216879
3002,-26.22724
3003,-26.235008
3004,-26.24666
3005,-26.257017
3006,-30.29138
3007,-30.290085
3008,-30.292675
3009,-30.286201
3010,-30.284904
3011,-30.286201
3012,-30.282314
3013,-30.28102
3014,-30.279726
3015,-30.27843
3016,-30.277136
3017,-30.274546
3018,-30.271957
3019,-30.271957
3020,-30.268072
3021,-30.266779
3022,-30.265484
3023,-30.262894
3024,-30.2616
3025,-30.25642
3026,-30.257715
3027,-30.253832
3028,-30.252537
3029,-30.248653
3030,-30.246063
3031,-30.244768
3032,-30.240885
3033,-30.237001
3034,-30.233116
3035,-30.231821
3036,-30.229233
3037,-30.225348
3038,-27.840466
3039,-27.840466
3040,-27.83658
3041,-27.826223
3042,-27.828814
3043,-27.813276
3044,-27.81975
3045,-27.806803
3046,-27.808098
3047,-27.80033
3048,-27.792559
3049,-27.795149
3050,-27.783497
3051,-27.784792
3052,-27.774433
3053,-27.77055
3054,-27.769255
3055,-27.761486
3056,-27.760193
3057,-27.749834
3058,-27.748539
3059,-27.744656
3060,-27.738182
3061,-27.735594
3062,-27.727825
3063,-27.722647
3064,-27.722647
3065,-27.712286
3066,-27.712286
3067,-27.704517
3068,-27.69675
3069,-27.700634
3070,-25.32611
3071,-25.319637
3072,-25.317047
3073,-25.310572
3074,-25.306688
3075,-25.302803
3076,-25.292446
3077,-25.293741
3078,-25.287268
3079,-25.284678
3080,-25.275616
3081,-25.270437
3082,-25.270437
3083,-25.265257
3084,-25.258785
3085,-25.252312
3086,-25.247131
3087,-25.245838
3088,-25.239365
3089,-25.234186
3090,-25.227709
3091,-25.223825
3092,-25.221235
3093,-25.214762
3094,-25.212173
3095,-25.204405
3096,-25.199226
3097,-25.196636
3098,-25.192753
3099,-25.187574
3100,-25.17851
3101,-25.175922
3102,-23.009848
3103,-23.013733
3104,-23.018911
3105,-23.011143
3106,-22.9969
3107,-22.98913
3108,-22.99172
3109,-22.977478
3110,-22.983952
3111,-22.976183
3112,-22.965826
3113,-22.9723
3114,-22.954174
3115,-22.96453
3116,-22.952879
3117,-22.946405
3118,-22.95029
3119,-22.932165
3120,-22.942522
3121,-22.93087
3122,-22.926985
3123,-22.92828
3124,-22.912745
3125,-22.921806
3126,-22.910152
3127,-22.907562
3128,-22.904974
3129,-22.892027
3130,-22.901089
3131,-22.888142
3132,-22.886848
3133,-22.88167
3134,-20.974539
3135,-20.970655
3136,-20.964182
3137,-20.960299
3138,-20.960299
3139,-20.956413
3140,-20.94994
3141,-20.944761
3142,-20.943468
3143,-20.940876
3144,-20.938288
3145,-20.931814
3146,-20.927929
3147,-20.924046
3148,-20.920162
3149,-20.920162
3150,-20.913689
3151,-20.90851
3152,-20.90333
3153,-20.902037
3154,-20.90074
3155,-20.895561
3156,-20.890383
3157,-20.8865
3158,-20.8865
3159,-20.881319
3160,-20.87614
3161,-20.870962
3162,-20.867079
3163,-20.865784
3164,-20.8619
3165,-20.85672
3166,-19.167105
3167,-19.170988
3168,-19.163221
3169,-19.156746
3170,-19.159336
3171,-19.148977
3172,-19.15545
3173,-19.145094
3174,-19.139915
3175,-19.143799
3176,-19.130852
3177,-19.139915
3178,-19.128263
3179,-19.125673
3180,-19.124378
3181,-19.11661
3182,-19.123085
3183,-19.10884
3184,-19.111431
3185,-19.103662
3186,-19.103662
3187,-19.102367
3188,-19.0946
3189,-19.0946
3190,-19.086832
3191,-19.090715
3192,-19.082947
3193,-19.084242
3194,-19.073883
3195,-19.07259
3196,-19.071295
3197,-19.064821
3198,-17.564236
3199,-17.564236
3200,-17.578476
3201,-17.559057
3202,-17.552584
3203,-17.548698
3204,-17.548698
3205,-17.544813
3206,-17.54093
3207,-17.53834
3208,-17.533161
3209,-17.533161
3210,-17.530573
3211,-17.527983
3212,-17.52151
3213,-17.51892
3214,-17.51892
3215,-17.515036
3216,-17.511152
3217,-17.507267
3218,-17.504679
3219,-17.503382
3220,-17.500793
3221,-17.496908
3222,-17.493025
3223,-17.490437
3224,-17.489141
3225,-17.486551
3226,-17.482668
3227,-17.478783
3228,-17.4749
3229,-17.473604
3230,-16.133564
3231,-16.128386
3232,-16.12968
3233,-16.125795
3234,-16.1245
3235,-16.119322
3236,-16.116734
3237,-16.116734
3238,-16.114143
3239,-16.11026
3240,-16.106375
3241,-16.103786
3242,-16.103786
3243,-16.099901
3244,-16.097313
3245,-16.093428
3246,-16.089542
3247,-16.090837
3248,-16.086954
3249,-16.085659
3250,-16.08048
3251,-16.07789
3252,-16.07789
3253,-16.074007
3254,-16.072712
3255,-16.064943
3256,-16.064943
3257,-16.06365
3258,-16.062355
3259,-16.057177
3260,-16.053291
3261,-16.050701
3262,-14.853083
3263,-14.850492
3264,-14.844018
3265,-14.846607
3266,-14.845313
3267,-14.840135
3268,-14.837544
3269,-14.832366
3270,-14.834955
3271,-14.831071
3272,-14.827188
3273,-14.825892
3274,-14.822008
3275,-14.823303
3276,-14.820714
3277,-14.818125
3278,-14.81424
3279,-14.811651
3280,-14.810355
3281,-14.80906
3282,-14.803882
3283,-14.801292
3284,-14.798703
3285,-14.796114
3286,-14.797408
3287,-14.793524
3288,-14.788345
3289,-14.788345
3290,-14.787051
3291,-14.784461
3292,-14.781872
3293,-14.775398
3294,-13.699482
3295,-13.702072
3296,-13.715018
3297,-13.693009
3298,-13.693009
3299,-13.690418
3300,-13.687829
3301,-13.683945
3302,-13.682651
3303,-13.681355
3304,-13.677471
3305,-13.676177
3306,-13.672293
3307,-13.670998
3308,-13.670998
3309,-13.670998
3310,-13.665819
3311,-13.661935
3312,-13.659346
3313,-13.660641
3314,-13.660641
3315,-13.654167
3316,-13.652872
3317,-13.647693
3318,-13.650282
3319,-13.647693
3320,-13.643808
3321,-13.641219
3322,-13.639924
3323,-13.639924
3324,-13.636041
3325,-13.634746
3326,-12.658524
3327,-12.655933
3328,-12.654638
3329,-12.650755
3330,-12.64946
3331,-12.646871
3332,-12.646871
3333,-12.645576
3334,-12.641692
3335,-12.637808
3336,-12.637808
3337,-12.639102
3338,-12.635219
3339,-12.631334
3340,-12.630039
3341,-12.628745
3342,-12.628745
3343,-12.624861
3344,-12.619682
3345,-12.622272
3346,-12.619682
3347,-12.619682
3348,-12.614502
3349,-12.611913
3350,-12.611913
3351,-12.6093235
3352,-12.6093235
3353,-12.605439
3354,-12.60285
3355,-12.601555
3356,-12.600261
3357,-12.598966
3358,-11.71208
3359,-11.71208
3360,-11.710785
3361,-11.709491
3362,-11.706902
3363,-11.703016
3364,-11.703016
3365,-11.701721
3366,-11.700426
3367,-11.696543
3368,-11.692658
3369,-11.696543
3370,-11.6939535
3371,-11.691363
3372,-11.686185
3373,-11.686185
3374,-11.686185
3375,-11.684891
3376,-11.682301
3377,-11.678417
3378,-11.678417
3379,-11.674533
3380,-11.675827
3381,-11.671944
3382,-11.671944
3383,-11.668059
3384,-11.666764
3385,-11.670649
3386,-11.664175
3387,-11.662881
3388,-11.657701
3389,-11.661585
3390,-10.853677
3391,-10.854972
3392,-10.873097
3393,-10.851088
3394,-10.851088
3395,-10.845909
3396,-10.844614
3397,-10.845909
3398,-10.84332
3399,-10.840731
3400,-10.8381405
3401,-10.835551
3402,-10.836846
3403,-10.832961
3404,-10.832961
3405,-10.830372
3406,-10.827782
3407,-10.830372
3408,-10.826488
3409,-10.826488
3410,-10.821309
3411,-10.820014
3412,-10.822603
3413,-10.818719
3414,-10.817425
3415,-10.81354
3416,-10.812246
3417,-10.81354
3418,-10.810951
3419,-10.809656
3420,-10.805773
3421,-10.805773
3422,-10.069074
3423,-10.06778
3424,-10.065189
3425,-10.066484
3426,-10.066484
3427,-10.0626
3428,-10.061306
3429,-10.060011
3430,-10.060011
3431,-10.058717
3432,-10.056127
3433,-10.053537
3434,-10.050947
3435,-10.049653
3436,-10.050947
3437,-10.048358
3438,-10.045769
3439,-10.0431795
3440,-10.045769
3441,-10.045769
3442,-10.04059
3443,-10.039295
3444,-10.036706
3445,-10.039295
3446,-10.035411
3447,-10.032822
3448,-10.031527
3449,-10.028937
3450,-10.032822
3451,-10.030232
3452,-10.026348
3453,-10.025053
3454,-9.351796
3455,-9.349207
3456,-9.346618
3457,-9.345323
3458,-9.344028
3459,-9.344028
3460,-9.342733
3461,-9.338849
3462,-9.338849
3463,-9.338849
3464,-9.337555
3465,-9.33626
3466,-9.332376
3467,-9.33108
3468,-9.332376
3469,-9.33108
3470,-9.327196
3471,-9.325902
3472,-9.324607
3473,-9.325902
3474,-9.324607
3475,-9.322018
3476,-9.320724
3477,-9.319428
3478,-9.319428
3479,-9.316839
3480,-9.316839
3481,-9.312955
3482,-9.310365
3483,-9.312955
3484,-9.31166
3485,-9.309071
3486,-8.687602
3487,-8.692781
3488,-8.709613
3489,-8.683719
3490,-8.682424
3491,-8.682424
3492,-8.682424
3493,-8.681129
3494,-8.678539
3495,-8.673361
3496,-8.679834
3497,-8.674656
3498,-8.67595
3499,-8.6694765
3500,-8.6694765
3501,-8.673361
3502,-8.665592
3503,-8.6694765
3504,-8.664297
3505,-8.665592
3506,-8.665592
3507,-8.661708
3508,-8.663003
3509,-8.657824
3510,-8.657824
3511,-8.657824
3512,-8.656529
3513,-8.656529
3514,-8.651351
3515,-8.652645
3516,-8.65394
3517,-8.650056
3518,-8.073903
3519,-8.0790825
3520,-8.077787
3521,-8.075198
3522,-8.075198
3523,-8.06743
3524,-8.077787
3525,-8.07002
3526,-8.072609
3527,-8.066134
3528,-8.06743
3529,-8.06743
3530,-8.06484
3531,-8.066134
3532,-8.059661
3533,-8.06225
3534,-8.059661
3535,-8.06225
3536,-8.058367
3537,-8.055778
3538,-8.055778
3539,-8.054482
3540,-8.058367
3541,-8.050598
3542,-8.050598
3543,-8.049304
3544,-8.049304
3545,-8.051893
3546,-8.044125
3547,-8.045419
3548,-8.045419
3549,-8.041535
3550,-7.514582
3551,-7.511993
3552,-7.5132875
3553,-7.514582
3554,-7.5094037
3555,-7.508108
3556,-7.505519
3557,-7.508108
3558,-7.505519
3559,-7.505519
3560,-7.5029297
3561,-7.5029297
3562,-7.5029297
3563,-7.5029297
3564,-7.4990454
3565,-7.50034
3566,-7.4938664
3567,-7.4990454
3568,-7.4951615
3569,-7.4951615
3570,-7.491277
3571,-7.4899826
3572,-7.4938664
3573,-7.491277
3574,-7.491277
3575,-7.484803
3576,-7.486098
3577,-7.4873924
3578,-7.484803
3579,-7.484803
3580,-7.4796243
3581,-7.482214
3582,-6.98245
3583,-7.0005765
3584,-6.994103
3585,-6.9889235
3586,-6.9863343
3587,-6.978566
3588,-6.9889235
3589,-6.9720926
3590,-6.983745
3591,-6.98245
3592,-6.9746823
3593,-6.983745
3594,-6.969503
3595,-6.9772716
3596,-6.978566
3597,-6.968208
3598,-6.9772716
3599,-6.9656186
3600,-6.9720926
3601,-6.9733872
3602,-6.9630294
3603,-6.9720926
3604,-6.961735
3605,-6.966913
3606,-6.966913
3607,-6.96044
3608,-6.9656186
3609,-6.956556
3610,-6.964324
3611,-6.96044
3612,-6.9578505
3613,-6.959145
3614,-6.500813
3615,-6.499518
3616,-6.4982233
3617,-6.495634
3618,-6.495634
3619,-6.4969287
3620,-6.495634
3621,-6.4917493
3622,-6.4904547
3623,-6.4917493
3624,-6.493044
3625,-6.4904547
3626,-6.486571
3627,-6.486571
3628,-6.4878654
3629,-6.48916
3630,-6.483981
3631,-6.4826865
3632,-6.481392
3633,-6.483981
3634,-6.4826865
3635,-6.481392
3636,-6.4800973
3637,-6.4775076
3638,-6.4788027
3639,-6.4775076
3640,-6.4775076
3641,-6.4736238
3642,-6.4723287
3643,-6.4749184
3644,-6.4736238
3645,-6.4710336
3646,-6.043775
3647,-6.051543
3648,-6.038596
3649,-6.047659
3650,-6.0360065
3651,-6.041186
3652,-6.0463643
3653,-6.0334167
3654,-6.043775
3655,-6.032122
3656,-6.039891
3657,-6.039891
3658,-6.032122
3659,-6.038596
3660,-6.0282383
3661,-6.0360065
3662,-6.029533
3663,-6.032122
3664,-6.029533
3665,-6.0256486
3666,-6.032122
3667,-6.0269437
3668,-6.0308275
3669,-6.0217648
3670,-6.0256486
3671,-6.0230594
3672,-6.024354
3673,-6.0256486
3674,-6.0152907
3675,-6.024354
3676,-6.0152907
3677,-6.024354
3678,-5.612632
3679,-5.626874
3680,-5.638526
3681,-5.612632
3682,-5.619105
3683,-5.610042
3684,-5.6178102
3685,-5.612632
3686,-5.6139264
3687,-5.6087475
3688,-5.6087475
3689,-5.6113367
3690,-5.6087475
3691,-5.6087475
3692,-5.607453
3693,-5.6048636
3694,-5.6061583
3695,-5.6061583
3696,-5.6048636
3697,-5.6022735
3698,-5.5983896
3699,-5.6022735
3700,-5.6022735
3701,-5.5996842
3702,-5.5983896
3703,-5.5958
3704,-5.5996842
3705,-5.5996842
3706,-5.5958
3707,-5.5945053
3708,-5.5932107
3709,-5.5945053
3710,-5.2177405
3711,-5.216446
3712,-5.216446
3713,-5.2177405
3714,-5.2151513
3715,-5.2151513
3716,-5.211267
3717,-5.213856
3718,-5.213856
3719,-5.213856
3720,-5.211267
3721,-5.2073827
3722,-5.2099724
3723,-5.211267
3724,-5.2086773
3725,-5.2073827
3726,-5.2034984
3727,-5.2073827
3728,-5.2047935
3729,-5.206088
3730,-5.2022038
3731,-5.2022038
3732,-5.2022038
3733,-5.2022038
3734,-5.200909
3735,-5.1983194
3736,-5.197025
3737,-5.1996145
3738,-5.197025
3739,-5.1983194
3740,-5.1944356
3741,-5.1944356
3742,-4.8474493
3743,-4.8409753
3744,-4.8422704
3745,-4.8409753
3746,-4.8409753
3747,-4.843565
3748,-4.8370914
3749,-4.838386
3750,-4.838386
3751,-4.8370914
3752,-4.8409753
3753,-4.8332076
3754,-4.8332076
3755,-4.8370914
3756,-4.8332076
3757,-4.8370914
3758,-4.829323
3759,-4.829323
3760,-4.8332076
3761,-4.830618
3762,-4.8319125
3763,-4.8267336
3764,-4.8267336
3765,-4.829323
3766,-4.828028
3767,-4.8267336
3768,-4.8267336
3769,-4.821555
3770,-4.825439
3771,-4.8241444
3772,-4.8228498
3773,-4.8228498
3774,-4.4914002
3775,-4.501758
3776,-4.5043473
3777,-4.486221
3778,-4.492695
3779,-4.4888105
3780,-4.490105
3781,-4.484926
3782,-4.486221
3783,-4.4836316
3784,-4.487516
3785,-4.4836316
3786,-4.4836316
3787,-4.4810424
3788,-4.4836316
3789,-4.4836316
3790,-4.482337
3791,-4.4810424
3792,-4.4784527
3793,-4.4784527
3794,-4.479748
3795,-4.4784527
3796,-4.475863
3797,-4.4732738
3798,-4.475863
3799,-4.4784527
3800,-4.4745684
3801,-4.4732738
3802,-4.4706845
3803,-4.475863
3804,-4.4732738
3805,-4.4706845
3806,-4.157361
3807,-4.1612453
3808,-4.1586556
3809,-4.156066
3810,-4.1547713
3811,-4.1547713
3812,-4.156066
3813,-4.156066
3814,-4.1534767
3815,-4.152182
3816,-4.152182
3817,-4.152182
3818,-4.152182
3819,-4.1482983
3820,-4.149593
3821,-4.147003
3822,-4.1508875
3823,-4.149593
3824,-4.147003
3825,-4.147003
3826,-4.1444135
3827,-4.1482983
3828,-4.1444135
3829,-4.143119
3830,-4.1405296
3831,-4.143119
3832,-4.1444135
3833,-4.1405296
3834,-4.1405296
3835,-4.139235
3836,-4.1418242
3837,-4.1405296
3838,-3.8414483
3839,-3.8453321
3840,-3.8440375
3841,-3.842743
3842,-3.842743
3843,-3.8401535
3844,-3.842743
3845,-3.8401535
3846,-3.8414483
3847,-3.8388588
3848,-3.8362691
3849,-3.8362691
3850,-3.8388588
3851,-3.8375642
3852,-3.8362691
3853,-3.8336797
3854,-3.8349745
3855,-3.8375642
3856,-3.8349745
3857,-3.832385
3858,-3.8310905
3859,-3.8336797
3860,-3.8336797
3861,-3.8310905
3862,-3.8297956
3863,-3.8272064
3864,-3.8297956
3865,-3.828501
3866,-3.8297956
3867,-3.8259113
3868,-3.8259113
3869,-3.8259113
3870,-3.547546
3871,-3.5591984
3872,-3.5617876
3873,-3.547546
3874,-3.5501351
3875,-3.5462508
3876,-3.5462508
3877,-3.5436614
3878,-3.547546
3879,-3.5423667
3880,-3.5449562
3881,-3.5397773
3882,-3.5436614
3883,-3.5449562
3884,-3.5423667
3885,-3.5410721
3886,-3.5397773
3887,-3.5410721
3888,-3.5397773
3889,-3.5384827
3890,-3.5384827
3891,-3.535893
3892,-3.5384827
3893,-3.537188
3894,-3.537188
3895,-3.535893
3896,-3.532009
3897,-3.535893
3898,-3.5345984
3899,-3.5345984
3900,-3.532009
3901,-3.5307143
3902,-3.2704747
3903,-3.2665904
3904,-3.26918
3905,-3.264001
3906,-3.2704747
3907,-3.2665904
3908,-3.2652955
3909,-3.2652955
3910,-3.264001
3911,-3.2678852
3912,-3.264001
3913,-3.2614114
3914,-3.2614114
3915,-3.2601168
3916,-3.2652955
3917,-3.2614114
3918,-3.2601168
3919,-3.2601168
3920,-3.2588222
3921,-3.2614114
3922,-3.2588222
3923,-3.2588222
3924,-3.2562325
3925,-3.2562325
3926,-3.2588222
3927,-3.254938
3928,-3.254938
3929,-3.2523484
3930,-3.254938
3931,-3.2562325
3932,-3.254938
3933,-3.2523484
3934,-3.0037613
3935,-3.0037613
3936,-3.0011718
3937,-2.9998772
3938,-3.0011718
3939,-3.0024667
3940,-3.0011718
3941,-2.9985826
3942,-2.9985826
3943,-2.9985826
3944,-2.9998772
3945,-2.9985826
3946,-2.9972875
3947,-2.995993
3948,-2.994698
3949,-2.9972875
3950,-2.994698
3951,-2.994698
3952,-2.9921088
3953,-2.994698
3954,-2.994698
3955,-2.9934034
3956,-2.9921088
3957,-2.9895194
3958,-2.9921088
3959,-2.9921088
3960,-2.9895194
3961,-2.9882247
3962,-2.9869297
3963,-2.9895194
3964,-2.9895194
3965,-2.9882247
3966,-2.7499955
3967,-2.765532
3968,-2.7642372
3969,-2.7487004
3970,-2.7487004
3971,-2.7487004
3972,-2.75129
3973,-2.746111
3974,-2.7499955
3975,-2.7435217
3976,-2.7487004
3977,-2.746111
3978,-2.7474058
3979,-2.7474058
3980,-2.742227
3981,-2.7448163
3982,-2.746111
3983,-2.746111
3984,-2.7435217
3985,-2.7396376
3986,-2.7435217
3987,-2.742227
3988,-2.742227
3989,-2.7396376
3990,-2.7383425
3991,-2.7409322
3992,-2.7396376
3993,-2.7409322
3994,-2.737048
3995,-2.737048
3996,-2.737048
3997,-2.737048
3998,-1.6792579
